gene	chromosome	start	end	log2	cn	depth	p_bintest	weight	probes
Gm30414	chr1	4436368	5709545	0.396069	3	22.0342	0.764025	4.6619	5
Gm19123	chr1	23047676	23165242	-0.267356	1	19.6151	0.984747	2.93189	3
Aff3	chr1	35134555	35438815	0.418869	4	37.5522	0.904741	2.61629	3
Gm18802	chr1	55197757	56690517	-0.289583	1	19.273	0.987354	3.58464	4
Ikzf2	chr1	66067651	67010226	0.296601	3	23.4208	0.884634	2.85295	3
Dock10	chr1	76902473	77517597	-0.218319	1	22.741	0.635656	2.96399	3
Sp100	chr1	81980243	82371736	-0.397148	1	23.8438	0.996136	2.59911	3
4933407L21Rik	chr1	82018351	82530069	-0.217773	1	27.1248	0.420588	2.97786	3
Gm28375	chr1	83241111	83491778	-0.275919	2	24.5309	0.880293	2.92625	3
Ugt1a10	chr1	84463658	86944468	-0.31729	1	22.4663	0.316148	3.82077	4
Gm20528	chr1	84463658	86944468	-0.31729	1	22.4663	0.316148	3.82077	4
Ugt1a9	chr1	84463658	86944468	-0.31729	1	22.4663	0.316148	3.82077	4
Ugt1a8	chr1	84463658	86944468	-0.31729	1	22.4663	0.316148	3.82077	4
Ugt1a7c	chr1	84463658	86944468	-0.31729	1	22.4663	0.316148	3.82077	4
Ugt1a6b	chr1	84463658	86944468	-0.31729	1	22.4663	0.316148	3.82077	4
Ugt1a6a	chr1	84567069	86944468	-0.336544	1	21.7581	0.999193	2.82804	3
Gal3st2b	chr1	90350226	90651430	-0.374079	1	20.3966	0.425336	2.90526	3
Cntnap5b	chr1	96207979	97192856	-0.225933	2	20.5032	0.883316	4.93464	5
Serpinb3a	chr1	103548020	104820287	0.433187	3	21.8443	0.81898	2.82973	3
Cdh19	chr1	107083772	107257131	0.392281	3	23.4208	0.977911	3.88111	4
Gm23734	chr1	123474567	124578627	-0.238374	2	24.8983	0.623386	2.94388	3
Gm38301	chr1	123474567	124578627	-0.238374	2	24.8983	0.623386	2.94388	3
Tmem163	chr1	123474567	124578627	-0.238374	2	24.8983	0.623386	2.94388	3
Thsd7b	chr1	125863309	126448602	0.432453	4	30.9092	0.693261	3.7059	4
Gm22609	chr1	128802819	129051229	-0.246736	2	24.4739	0.777481	2.94016	3
Lrrn2	chr1	128802819	129051229	-0.246736	2	24.4739	0.777481	2.94016	3
MGP_FVBNJ_G0007600	chr1	128802819	129051229	-0.246736	2	24.4739	0.777481	2.94016	3
Gm38308	chr1	128802819	129051229	-0.246736	2	24.4739	0.777481	2.94016	3
Gm16332	chr1	136037916	136089233	0.255995	3	26.1143	0.856896	2.71662	3
Gm5834	chr1	136088526	136250079	0.566041	4	27.1021	0.73475	2.79236	3
Cfh	chr1	136247311	136889322	0.291064	3	23.0637	0.672055	3.87035	4
Rgs21	chr1	140527407	140673609	0.374021	3	26.0307	0.977911	3.89131	4
Gm18445	chr1	169577443	169808634	-0.386544	2	16.9248	0.944376	3.80768	4
Adss	chr1	173414979	173598905	-0.304481	2	21.6207	0.998954	2.14547	3
Gm16585	chr1	173414979	173598905	-0.304481	2	21.6207	0.998954	2.14547	3
Cr1l	chr1	190774108	190982667	1.00402	5	66.5118	0.776438	2.52477	3
Pfkfb3	chr2	8283808	8728815	-0.378359	2	17.2156	0.602272	2.80679	3
Itga8	chr2	9048282	10538276	0.52181	4	31.884	0.993792	2.65574	3
Etl4	chr2	17123629	18294645	0.245123	3	24.4285	0.979685	2.85253	3
Hnmt	chr2	20494367	21097796	-0.270345	2	21.1266	0.975641	2.89848	3
Gm28635	chr2	80834695	81198741	-0.421116	1	18.9815	0.55668	3.63418	4
Btbd18	chr2	80834695	81198741	-0.421116	1	18.9815	0.55668	3.63418	4
Olfr1118	chr2	83449795	83595465	-0.299465	1	17.69	0.937179	2.93485	3
Gm13729	chr2	83449795	83595465	-0.299465	1	17.69	0.937179	2.93485	3
Gm13728	chr2	83449795	83595465	-0.299465	1	17.69	0.937179	2.93485	3
Olfr1117-ps1	chr2	83449795	83595465	-0.299465	1	17.69	0.937179	2.93485	3
Gm13737	chr2	83449795	83595465	-0.299465	1	17.69	0.937179	2.93485	3
Lrrc4c	chr2	92560215	94228702	0.315881	2	22.3221	0.725883	5.66776	6
Lmo2	chr2	100117427	100255363	-0.200789	1	21.2242	0.229104	2.9787	3
Gm15130	chr2	107196550	107367021	0.227303	3	21.1499	0.834393	2.96539	3
Potefam1	chr2	107196550	107367021	0.227303	3	21.1499	0.834393	2.96539	3
Gm14066	chr2	135434903	135794917	0.20484	3	17.678	0.967357	2.68706	3
Sel1l2	chr2	136284244	137185078	-0.313429	1	15.1032	0.880337	3.87898	4
Ninl	chr2	146635591	147087412	-0.380271	2	16.5278	0.857732	4.85794	5
Nanp	chr2	146848894	147087412	-0.534976	2	14.1074	0.892717	2.87084	3
Mmp24	chr2	151776629	152408509	-0.453575	1	33.166	4.8278e-05	2.43778	3
BC029722	chr2	151776629	152408509	-0.453575	1	33.166	4.8278e-05	2.43778	3
Eif6	chr2	151776629	152408509	-0.453575	1	33.166	4.8278e-05	2.43778	3
Gm16098	chr2	151776629	152408509	-0.453575	1	33.166	4.8278e-05	2.43778	3
Fam83c	chr2	151776629	152408509	-0.453575	1	33.166	4.8278e-05	2.43778	3
Uqcc1	chr2	151776629	152408509	-0.453575	1	33.166	4.8278e-05	2.43778	3
Gm15557	chr2	151776629	152408509	-0.453575	1	33.166	4.8278e-05	2.43778	3
Gdf5	chr2	151776629	152408509	-0.453575	1	33.166	4.8278e-05	2.43778	3
Cep250	chr2	151776629	152408509	-0.453575	1	33.166	4.8278e-05	2.43778	3
6430550D23Rik	chr2	151776629	152408509	-0.453575	1	33.166	4.8278e-05	2.43778	3
Ergic3	chr2	151776629	152408509	-0.453575	1	33.166	4.8278e-05	2.43778	3
Fer1l4	chr2	151776629	152408509	-0.453575	1	33.166	4.8278e-05	2.43778	3
Gm14240	chr2	151776629	152408509	-0.453575	1	33.166	4.8278e-05	2.43778	3
Spag4	chr2	151776629	152408509	-0.453575	1	33.166	4.8278e-05	2.43778	3
Cpne1	chr2	151776629	152408509	-0.453575	1	33.166	4.8278e-05	2.43778	3
Gm28036	chr2	151776629	152408509	-0.453575	1	33.166	4.8278e-05	2.43778	3
Gm37274	chr2	151776629	152408509	-0.453575	1	33.166	4.8278e-05	2.43778	3
Rbm12	chr2	151776629	152408509	-0.453575	1	33.166	4.8278e-05	2.43778	3
Nfs1	chr2	151776629	152408509	-0.453575	1	33.166	4.8278e-05	2.43778	3
Romo1	chr2	151776629	152408509	-0.453575	1	33.166	4.8278e-05	2.43778	3
Rbm39	chr2	151776629	152408509	-0.453575	1	33.166	4.8278e-05	2.43778	3
Dlgap4	chr2	152723928	153250414	-0.294993	1	41.578	0.788673	2.93867	3
4930405A21Rik	chr2	152723928	153250414	-0.294993	1	41.578	0.788673	2.93867	3
Myl9	chr2	152723928	153250414	-0.294993	1	41.578	0.788673	2.93867	3
Gm14231	chr2	152723928	153250414	-0.294993	1	41.578	0.788673	2.93867	3
Ptprt	chr2	157757971	158916726	0.311331	3	46.6167	0.895115	6.82952	7
Gm11451	chr2	158956576	159155553	0.259664	3	48.8281	0.884328	2.9672	3
Gm14617	chr2	171298929	171495476	-0.401883	2	31.5638	0.857732	2.72699	3
Gm14618	chr2	171298929	171495476	-0.401883	2	31.5638	0.857732	2.72699	3
Gm14616	chr2	171298929	171495476	-0.401883	2	31.5638	0.857732	2.72699	3
Sirpb1b	chr3	11935818	12374786	-0.264471	1	20.0764	0.993915	5.67506	6
Naaladl2	chr3	20922582	21986971	0.476134	3	29.2635	0.974114	3.70512	4
Gm42694	chr3	29717549	29820795	-0.230395	2	23.7749	0.536868	2.97516	3
Gm43666	chr3	29779229	29870395	-0.283703	2	22.0972	0.801343	2.94027	3
Gm18611	chr3	29779229	29870395	-0.283703	2	22.0972	0.801343	2.94027	3
Mccc1os	chr3	32071564	32170618	-0.228508	2	18.075	0.755	2.96086	3
Ccdc144b	chr3	32071564	32170618	-0.228508	2	18.075	0.755	2.96086	3
Acad9	chr3	32071564	32170618	-0.228508	2	18.075	0.755	2.96086	3
Vmn2r7	chr3	59657162	59753973	0.276271	3	18.1949	0.995229	3.7125	4
Vmn2r4	chr3	59657162	59753973	0.276271	3	18.1949	0.995229	3.7125	4
Vmn2r3	chr3	59657162	59753973	0.276271	3	18.1949	0.995229	3.7125	4
Gm18717	chr3	63030825	63320596	-0.275629	2	16.7351	0.984747	2.91701	3
Iqcj	chr3	63030825	64854454	-0.249664	2	17.4048	0.984747	3.9132	4
Iqschfp	chr3	63030825	64854454	-0.249664	2	17.4048	0.984747	3.9132	4
Sis	chr3	68132286	68230234	0.24444	3	17.9614	0.732542	2.95962	3
Fstl5	chr3	71566878	71919756	0.245359	3	18.257	0.933266	3.87451	4
Kirrel	chr3	82092620	82222466	1.01069	5	45.217	0.0953246	2.67159	3
Hdgf	chr3	82799842	83295840	-0.528759	2	16.0212	0.556349	2.6142	3
Mrpl24	chr3	82799842	83295840	-0.528759	2	16.0212	0.556349	2.6142	3
Rrnad1	chr3	82799842	83295840	-0.528759	2	16.0212	0.556349	2.6142	3
Isg20l2	chr3	82799842	83295840	-0.528759	2	16.0212	0.556349	2.6142	3
Gon4l	chr3	83758586	84100079	-0.505338	1	14.5652	0.838799	4.27322	5
Ash1l	chr3	84006491	84150042	-0.206091	1	19.289	0.35743	2.97783	3
Gm43738	chr3	84006491	84150042	-0.206091	1	19.289	0.35743	2.97783	3
Rusc1	chr3	84006491	84150042	-0.206091	1	19.289	0.35743	2.97783	3
Fdps	chr3	84006491	84150042	-0.206091	1	19.289	0.35743	2.97783	3
Gm22935	chr3	84006491	84150042	-0.206091	1	19.289	0.35743	2.97783	3
Gm29704	chr3	84006491	84150042	-0.206091	1	19.289	0.35743	2.97783	3
Pklr	chr3	84006491	85768731	-0.236837	1	18.5301	0.35743	4.94629	5
Hcn3	chr3	84106382	85768731	-0.25344	2	18.1121	0.84792	2.96087	3
Clk2	chr3	84106382	85768731	-0.25344	2	18.1121	0.84792	2.96087	3
Scamp3	chr3	84106382	85768731	-0.25344	2	18.1121	0.84792	2.96087	3
Gm16069	chr3	84106382	85768731	-0.25344	2	18.1121	0.84792	2.96087	3
Fam189b	chr3	84106382	85768731	-0.25344	2	18.1121	0.84792	2.96087	3
Them4	chr3	89338897	89688940	-0.25008	2	17.9894	0.454316	2.93267	3
Gm43743	chr3	89338897	89688940	-0.25008	2	17.9894	0.454316	2.93267	3
Them5	chr3	89338897	89688940	-0.25008	2	17.9894	0.454316	2.93267	3
Gm36070	chr3	89338897	89688940	-0.25008	2	17.9894	0.454316	2.93267	3
C2cd4d	chr3	89338897	89688940	-0.25008	2	17.9894	0.454316	2.93267	3
Gm38411	chr3	89338897	89688940	-0.25008	2	17.9894	0.454316	2.93267	3
Rorc	chr3	89338897	89688940	-0.25008	2	17.9894	0.454316	2.93267	3
Gm43401	chr3	89338897	89688940	-0.25008	2	17.9894	0.454316	2.93267	3
Lingo4	chr3	89338897	89688940	-0.25008	2	17.9894	0.454316	2.93267	3
1700040D17Rik	chr3	89338897	89688940	-0.25008	2	17.9894	0.454316	2.93267	3
Tdrkh	chr3	89338897	89688940	-0.25008	2	17.9894	0.454316	2.93267	3
Gm42463	chr3	89338897	89688940	-0.25008	2	17.9894	0.454316	2.93267	3
Gm42464	chr3	89338897	89688940	-0.25008	2	17.9894	0.454316	2.93267	3
Oaz3	chr3	89338897	89688940	-0.25008	2	17.9894	0.454316	2.93267	3
Mrpl9	chr3	89338897	89688940	-0.25008	2	17.9894	0.454316	2.93267	3
Gm30023	chr3	89338897	89688940	-0.25008	2	17.9894	0.454316	2.93267	3
Riiad1	chr3	89338897	89688940	-0.25008	2	17.9894	0.454316	2.93267	3
Celf3	chr3	89338897	89688940	-0.25008	2	17.9894	0.454316	2.93267	3
Snx27	chr3	89338897	89688940	-0.25008	2	17.9894	0.454316	2.93267	3
Selenbp2	chr3	89802099	90252308	-0.498178	1	13.5433	0.834393	6.80963	8
Pde4dip	chr3	92558446	93377023	-0.261762	2	18.483	0.826801	6.80797	7
Phgdh	chr3	93377033	93547566	-0.205172	2	19.1063	0.913475	3.96487	4
Zfp697	chr3	93453663	93548321	-0.376572	2	16.5986	0.6701	3.69412	4
Magi3	chr3	99239916	100319223	0.348996	3	27.9928	0.851338	2.82387	3
Gm42699	chr3	99239916	100319223	0.348996	3	27.9928	0.851338	2.82387	3
Henmt1	chr3	104077641	104173093	-0.314166	2	16.0768	0.993792	2.8202	3
Fam102b	chr3	104077641	104173093	-0.314166	2	16.0768	0.993792	2.8202	3
Gm43221	chr3	104077641	104173093	-0.314166	2	16.0768	0.993792	2.8202	3
6530403H02Rik	chr3	115433303	115769487	-0.292045	2	20.5955	0.973268	2.77669	3
Tlcd4	chr3	116063546	116679093	-0.336823	1	24.6047	0.705522	2.91888	3
Gm9353	chr3	116063546	116679093	-0.336823	1	24.6047	0.705522	2.91888	3
Gm30517	chr3	116063546	116679093	-0.336823	1	24.6047	0.705522	2.91888	3
Gm43254	chr3	128052185	128205124	-0.208648	2	18.7395	0.760269	2.97245	3
Ppa2	chr3	128052185	128205124	-0.208648	2	18.7395	0.760269	2.97245	3
Gm2142	chr3	129796911	129847321	-0.219221	2	17.1176	0.949567	2.95499	3
MGP_FVBNJ_G0008627	chr3	129796911	129847321	-0.219221	2	17.1176	0.949567	2.95499	3
Clca4c-ps	chr3	139554772	140026867	0.425128	4	31.096	0.472313	2.80572	3
Tmem67	chr4	8281109	8375056	-0.519575	1	17.0964	0.247484	2.28869	3
Cibar1	chr4	8404273	8574571	0.266356	3	26.5407	0.767496	4.73938	5
Fbxl4	chr4	18357335	18641143	-0.287052	2	21.5408	0.97103	2.91223	3
Gm24607	chr4	18357335	18641143	-0.287052	2	21.5408	0.97103	2.91223	3
Gm37900	chr4	18357335	18641143	-0.287052	2	21.5408	0.97103	2.91223	3
Gm11884	chr4	19241965	21225454	0.317604	2	23.8446	0.983948	2.68783	3
Trim14	chr4	42332014	45140374	-0.278448	2	23.6711	0.969079	2.84741	3
Gm16731	chr4	42332014	45140374	-0.278448	2	23.6711	0.969079	2.84741	3
Coro2a	chr4	42332014	45140374	-0.278448	2	23.6711	0.969079	2.84741	3
Tbc1d2	chr4	42332014	45140374	-0.278448	2	23.6711	0.969079	2.84741	3
Gabbr2	chr4	42332014	45140374	-0.278448	2	23.6711	0.969079	2.84741	3
Gm568	chr4	42332014	45140374	-0.278448	2	23.6711	0.969079	2.84741	3
Anks6	chr4	42332014	45140374	-0.278448	2	23.6711	0.969079	2.84741	3
Gm12425	chr4	42332014	45140374	-0.278448	2	23.6711	0.969079	2.84741	3
Galnt12	chr4	42332014	45140374	-0.278448	2	23.6711	0.969079	2.84741	3
Gm12596	chr4	55011479	56512060	-0.456589	2	20.6508	0.863048	2.70178	3
Susd1	chr4	55011479	56512060	-0.456589	2	20.6508	0.863048	2.70178	3
Ptprd	chr4	71725831	73949178	0.463302	4	19.9624	0.960663	8.91662	10
Frem1	chr4	78469651	79131997	0.292551	3	21.8481	0.892717	2.80507	3
Dnai4	chr4	98357323	98896821	0.361871	3	20.387	0.969079	4.70445	5
Scp2	chr4	103452067	103528532	-0.236514	1	17.3321	0.40754	2.96172	3
Echdc2	chr4	103452067	103528532	-0.236514	1	17.3321	0.40754	2.96172	3
Txndc12	chr4	104120990	104899079	-0.216989	2	17.7695	0.548278	2.97229	3
MGP_FVBNJ_G0028344	chr4	104120990	104899079	-0.216989	2	17.7695	0.548278	2.97229	3
Kti12	chr4	104120990	104899079	-0.216989	2	17.7695	0.548278	2.97229	3
Rab3b	chr4	104120990	104899079	-0.216989	2	17.7695	0.548278	2.97229	3
Gm12736	chr4	104120990	104899079	-0.216989	2	17.7695	0.548278	2.97229	3
8030443G20Rik	chr4	104120990	104899079	-0.216989	2	17.7695	0.548278	2.97229	3
Dmrta2os	chr4	105263805	105471218	-0.210456	2	18.1313	0.362765	2.98116	3
Dmrta2	chr4	105263805	105471218	-0.210456	2	18.1313	0.362765	2.98116	3
Agbl4	chr4	105899614	107355713	-0.242179	2	16.123	0.718429	14.616	15
Cyp4b1	chr4	111177731	112054401	-0.407533	1	17.0522	0.920999	2.87028	3
Zfp989	chr4	141932622	142060838	-0.492117	1	16.7257	0.965126	2.69675	3
Mfn2	chr4	144459270	146082096	-0.546137	2	19.755	0.999675	2.56793	3
Gm15734	chr5	5968175	6311775	-0.229049	1	22.6779	0.927466	2.94948	3
Sema3d	chr5	9125133	9973845	0.345938	3	26.4335	0.751741	2.86769	3
Gm8925	chr5	9125133	9973845	0.345938	3	26.4335	0.751741	2.86769	3
Mpv17	chr5	27706005	28054721	-0.28893	2	22.5035	0.715819	2.86427	3
Yes1	chr5	29320132	30077867	0.241703	3	28.6382	0.944376	2.82446	3
Poln	chr5	30710896	32324284	0.374741	2	26.6352	0.801206	3.79718	4
Gm20052	chr5	34674635	36295312	-0.302613	2	21.7493	0.790386	2.86864	3
Gm40289	chr5	34674635	36295312	-0.302613	2	21.7493	0.790386	2.86864	3
Gm43762	chr5	34674635	36295312	-0.302613	2	21.7493	0.790386	2.86864	3
Stx18	chr5	34674635	36295312	-0.302613	2	21.7493	0.790386	2.86864	3
Nsg1	chr5	34674635	36295312	-0.302613	2	21.7493	0.790386	2.86864	3
Zbtb49	chr5	34674635	36295312	-0.302613	2	21.7493	0.790386	2.86864	3
Lyar	chr5	34674635	36295312	-0.302613	2	21.7493	0.790386	2.86864	3
Tmem128	chr5	34674635	36295312	-0.302613	2	21.7493	0.790386	2.86864	3
Otop1	chr5	34674635	36295312	-0.302613	2	21.7493	0.790386	2.86864	3
Gm26560	chr5	34674635	36295312	-0.302613	2	21.7493	0.790386	2.86864	3
Drd5	chr5	34674635	36295312	-0.302613	2	21.7493	0.790386	2.86864	3
4930487D11Rik	chr5	34674635	36295312	-0.302613	2	21.7493	0.790386	2.86864	3
Slc2a9	chr5	34674635	36295312	-0.302613	2	21.7493	0.790386	2.86864	3
Gm15796	chr5	34674635	36295312	-0.302613	2	21.7493	0.790386	2.86864	3
Wdr1	chr5	34674635	36295312	-0.302613	2	21.7493	0.790386	2.86864	3
Gm22249	chr5	34674635	36295312	-0.302613	2	21.7493	0.790386	2.86864	3
4930421P07Rik	chr5	34674635	36295312	-0.302613	2	21.7493	0.790386	2.86864	3
Ldb2	chr5	41094641	41537749	-0.283589	2	19.3904	0.967107	3.89985	4
4932441J04Rik	chr5	54186788	54464344	-0.256834	1	19.1752	0.843514	4.91412	5
Gm43026	chr5	64743218	65045313	-0.296244	2	19.8211	0.55889	2.85734	3
Corin	chr5	68650672	69026337	-0.374581	2	19.936	0.954967	2.82286	3
Adgrl3	chr5	77690761	78826087	0.306133	3	24.4997	0.979685	5.83626	6
Tmprss11c	chr5	82612330	82833866	-0.229527	1	21.012	0.908465	2.96094	3
MGP_FVBNJ_G0037757	chr5	82612330	82833866	-0.229527	1	21.012	0.908465	2.96094	3
Tmprss11e	chr5	83081847	83669423	-0.381167	2	19.9803	0.705455	2.39661	3
Gm16579	chr5	83081847	83669423	-0.381167	2	19.9803	0.705455	2.39661	3
Gm43055	chr5	83081847	83669423	-0.381167	2	19.9803	0.705455	2.39661	3
Gm43057	chr5	83081847	83669423	-0.381167	2	19.9803	0.705455	2.39661	3
Ythdc1	chr5	83081847	83669423	-0.381167	2	19.9803	0.705455	2.39661	3
Gm21461	chr5	83081847	83669423	-0.381167	2	19.9803	0.705455	2.39661	3
Ugt2b34	chr5	83081847	83669423	-0.381167	2	19.9803	0.705455	2.39661	3
Ugt2b1	chr5	83081847	83669423	-0.381167	2	19.9803	0.705455	2.39661	3
Gm24121	chr5	83081847	83669423	-0.381167	2	19.9803	0.705455	2.39661	3
Csn1s1	chr5	84065177	84224530	0.300866	3	26.2546	0.786549	2.89377	3
Csn2	chr5	84065177	84224530	0.300866	3	26.2546	0.786549	2.89377	3
Csn1s2b	chr5	84230058	84478320	0.470609	3	25.5466	0.788673	4.62124	5
Cfap299	chr5	95005751	95562203	0.229629	1	23.9708	0.916983	2.61749	3
MGP_FVBNJ_G0029550	chr5	95812530	98853398	0.218549	2	29.3231	0.973268	3.9433	4
Gm35394	chr5	95917639	98853398	0.25206	2	30.8689	0.996162	2.94899	3
Rasgef1b	chr5	95917639	98853398	0.25206	2	30.8689	0.996162	2.94899	3
Gm35172	chr5	95917639	98853398	0.25206	2	30.8689	0.996162	2.94899	3
Gm16227	chr5	95917639	98853398	0.25206	2	30.8689	0.996162	2.94899	3
Gm42933	chr5	98851500	99936813	0.45796	3	32.9148	0.604429	2.88741	3
Gbp8	chr5	101710518	103095870	0.368648	3	33.114	0.908465	2.73695	3
MGP_FVBNJ_G0029717	chr5	111497944	111881172	-0.493949	2	15.5605	0.987354	2.75544	3
Gm13832	chr5	112443340	112843327	0.343207	3	27.7374	0.635656	2.87513	3
Taok3	chr5	113978674	114438284	-0.203479	2	21.3282	0.865246	3.93419	4
Gm43637	chr5	114265532	114438284	-0.210295	2	21.6293	0.887151	2.9427	3
MGP_FVBNJ_G0036466	chr5	114265532	114438284	-0.210295	2	21.6293	0.887151	2.9427	3
BC051077	chr5	114445384	114652193	-0.201667	2	21.8409	0.863048	2.96525	3
Gm10399	chr5	114445384	114652193	-0.201667	2	21.8409	0.863048	2.96525	3
Vsig10	chr5	114445384	114652193	-0.201667	2	21.8409	0.863048	2.96525	3
Gm15727	chr5	114445384	114652193	-0.201667	2	21.8409	0.863048	2.96525	3
Wsb2	chr5	114445384	114652193	-0.201667	2	21.8409	0.863048	2.96525	3
Rfc5	chr5	114445384	114652193	-0.201667	2	21.8409	0.863048	2.96525	3
Gm15728	chr5	114445384	114652193	-0.201667	2	21.8409	0.863048	2.96525	3
Ksr2	chr5	114445384	115732602	-0.267424	2	19.7967	0.863048	4.8381	5
MGP_FVBNJ_G0006739	chr5	120686436	121048262	0.425041	3	24.4366	0.892717	2.80981	3
Psmd9	chr5	120686436	121048262	0.425041	3	24.4366	0.892717	2.80981	3
Vps33a	chr5	121047967	122475546	0.244277	4	22.3341	0.457013	2.8682	3
Tmem132b	chr5	123133078	123343763	0.306121	4	21.1537	0.556349	2.70965	3
Clip2	chr5	130303250	133182993	-0.245156	3	38.435	0.688112	16.3005	17
Gtf2i	chr5	131565942	132050221	-0.26827	1	41.5027	5.41441e-05	2.97789	3
Gtf2ird1	chr5	131847830	132102861	-0.259557	2	41.1647	0.91838	2.96873	3
Vps50	chr6	269122	757964	-0.335621	2	20.0058	0.576759	2.8936	3
1110019D14Rik	chr6	10368581	11364043	0.297398	4	22.6126	0.44222	3.85208	4
Foxp2	chr6	11486863	12010680	0.283408	4	24.3411	0.625506	2.87295	3
Tfec	chr6	13249176	13439023	0.239271	2	28.5541	0.930031	2.95523	3
Gm15581	chr6	13648109	14545723	0.608604	4	27.1688	0.845534	3.66054	4
Gm14546	chr6	30334229	31408402	0.419652	2	26.2976	0.916983	3.68944	4
Cntnap2	chr6	41825589	45159914	0.377655	3	28.5098	0.939019	3.77675	4
Vmn1r4	chr6	53281874	53424201	-0.334238	1	26.3211	0.800117	2.89679	3
MGP_FVBNJ_G0030577	chr6	54234519	54745083	-0.23188	2	25.7872	0.352401	2.96143	3
MGP_FVBNJ_G0030578	chr6	54234519	54745083	-0.23188	2	25.7872	0.352401	2.96143	3
Vmn1r23	chr6	54234519	54745083	-0.23188	2	25.7872	0.352401	2.96143	3
MGP_FVBNJ_G0030580	chr6	54234519	54745083	-0.23188	2	25.7872	0.352401	2.96143	3
MGP_FVBNJ_G0030581	chr6	54234519	54745083	-0.23188	2	25.7872	0.352401	2.96143	3
Vmn1r-ps13	chr6	54234519	54745083	-0.23188	2	25.7872	0.352401	2.96143	3
Vmn1r26	chr6	54234519	54745083	-0.23188	2	25.7872	0.352401	2.96143	3
Rps15-ps2	chr6	54234519	54745083	-0.23188	2	25.7872	0.352401	2.96143	3
Vmn1r-ps14	chr6	54234519	54745083	-0.23188	2	25.7872	0.352401	2.96143	3
Ccser1	chr6	57701454	58915423	0.456156	3	32.0317	0.933266	2.8177	3
Rpl18a-ps2	chr6	63954249	64466967	0.235328	1	24.3383	0.992945	4.49346	5
Rpl18a-ps3	chr6	64115442	64466967	0.402432	1	25.5878	0.916983	3.56937	4
Igkv8-27	chr6	66667354	67056560	0.238902	3	33.9109	0.610889	3.85822	4
Suclg2	chr6	91933658	92724237	-0.252015	1	34.4374	0.883835	2.93885	3
Chl1	chr6	99897289	100726556	0.339548	3	37.1145	0.969079	3.85992	4
Cntn4	chr6	102061326	103225179	0.350064	3	35.5814	0.922804	2.87732	3
Syn2	chr6	111377958	113158529	0.304772	3	33.7745	0.980177	2.82158	3
Klra10	chr6	126457814	127280953	0.309752	3	30.4518	0.932261	3.47568	4
Styk1	chr6	127832783	127960582	-0.332883	2	32.2672	0.616305	2.89458	3
Ybx3	chr6	127832783	127960582	-0.332883	2	32.2672	0.616305	2.89458	3
Gm22362	chr6	127832783	127960582	-0.332883	2	32.2672	0.616305	2.89458	3
Gm18688	chr6	127832783	127960582	-0.332883	2	32.2672	0.616305	2.89458	3
Gm43943	chr6	128105094	128204890	-0.215144	2	29.3348	0.866072	2.96768	3
Tas2r130	chr6	128105094	128204890	-0.215144	2	29.3348	0.866072	2.96768	3
Tas2r115	chr6	129252040	129436772	0.281531	3	37.031	0.742587	2.94424	3
Tas2r123	chr6	129402658	129533163	0.237353	3	35.2765	0.768594	2.96474	3
Tas2r116	chr6	129402658	129533163	0.237353	3	35.2765	0.768594	2.96474	3
Gm44142	chr6	129402658	129533163	0.237353	3	35.2765	0.768594	2.96474	3
Tas2r110	chr6	129402658	129533163	0.237353	3	35.2765	0.768594	2.96474	3
Tmtc1	chr6	144850304	145364465	-0.330423	2	28.0084	0.920872	2.674	3
Gm44022	chr6	144850304	145364465	-0.330423	2	28.0084	0.920872	2.674	3
Gm6313	chr6	144850304	145364465	-0.330423	2	28.0084	0.920872	2.674	3
MGP_FVBNJ_G0039116	chr6	144850304	145364465	-0.330423	2	28.0084	0.920872	2.674	3
4930528G23Rik	chr6	144850304	145364465	-0.330423	2	28.0084	0.920872	2.674	3
Gm15778	chr6	144850304	145364465	-0.330423	2	28.0084	0.920872	2.674	3
Gm44115	chr6	144850304	145364465	-0.330423	2	28.0084	0.920872	2.674	3
Ipo8	chr6	144850304	145364465	-0.330423	2	28.0084	0.920872	2.674	3
2610017A05Rik	chr6	144850304	145364465	-0.330423	2	28.0084	0.920872	2.674	3
Caprin2	chr6	144850304	145402840	-0.515014	2	24.6546	0.920872	3.22665	4
Aurkc	chr7	8153746	8466752	0.360011	4	27.2585	0.908465	2.20209	3
Vmn2r54	chr7	9742449	9749826	0.220463	3	14.0517	0.996162	2.69891	3
Psg23	chr7	15777428	16213378	0.391968	4	19.0093	0.703259	5.23408	6
Ceacam20	chr7	17462620	17994468	0.444571	3	22.3396	0.991849	2.60423	3
Lypd11	chr7	22416335	22487261	-0.321778	1	15.5045	0.206116	2.81983	3
Gm5893	chr7	22555045	22638293	0.612404	3	26.2915	0.592787	2.80457	3
Arhgef1	chr7	22637759	23222756	0.286941	3	22.1655	0.798086	2.85299	3
Ceacam1	chr7	23232372	24180582	0.443042	3	23.9274	0.790842	3.80374	4
Cyp2a4	chr7	24178342	24704345	0.523667	3	23.3327	0.683863	4.72106	5
Cyp2g1	chr7	24704020	24714278	0.557932	3	26.157	0.881677	2.79302	3
Gm44879	chr7	75792961	75841401	-0.377654	2	18.828	0.964647	2.83163	3
Adamtsl3	chr7	80734276	81807516	0.212486	2	26.7142	0.776438	2.89538	3
Vmn2r67	chr7	83619877	84196762	-0.713088	0	13.6469	0.934862	2.295	3
Hbb-bt	chr7	102267722	102391426	-0.26419	1	19.8202	0.681228	2.94905	3
Hbb-bs	chr7	102267722	102391426	-0.26419	1	19.8202	0.681228	2.94905	3
Gm15115	chr7	102267722	102391426	-0.26419	1	19.8202	0.681228	2.94905	3
Hbb-bh3	chr7	102267722	102391426	-0.26419	1	19.8202	0.681228	2.94905	3
Olfr646	chr7	102568463	102793067	-0.217368	2	22.1132	0.920216	2.96717	3
Usp17le	chr7	103150963	103400358	-0.230471	3	19.8636	0.958255	4.70251	5
Usp17lc	chr7	103235105	103400358	-0.344304	2	19.1213	0.767496	2.85518	3
Usp17lb	chr7	103235105	103400358	-0.344304	2	19.1213	0.767496	2.85518	3
Usp17ld	chr7	103235105	103400358	-0.344304	2	19.1213	0.767496	2.85518	3
Usp17la	chr7	103235105	103400358	-0.344304	2	19.1213	0.767496	2.85518	3
Olfr665	chr7	103235105	103400358	-0.344304	2	19.1213	0.767496	2.85518	3
Olfr666	chr7	103235105	103400358	-0.344304	2	19.1213	0.767496	2.85518	3
Olfr667	chr7	103235105	103400358	-0.344304	2	19.1213	0.767496	2.85518	3
Olfr668	chr7	103235105	103400358	-0.344304	2	19.1213	0.767496	2.85518	3
Olfr669	chr7	103235105	103400358	-0.344304	2	19.1213	0.767496	2.85518	3
Gvin-ps6	chr7	104973038	105104330	-0.459132	1	17.0639	0.911116	3.42276	4
Gvin-ps7	chr7	104973038	105104330	-0.459132	1	17.0639	0.911116	3.42276	4
Gvin2	chr7	104973038	105104330	-0.459132	1	17.0639	0.911116	3.42276	4
Sox6	chr7	114317675	116285005	0.378428	3	25.0466	0.918913	2.84155	3
Palb2	chr7	120769076	120905847	-0.275195	2	23.3346	0.529185	2.94051	3
Gm16326	chr7	120769076	120905847	-0.275195	2	23.3346	0.529185	2.94051	3
Dctn5	chr7	120769076	120905847	-0.275195	2	23.3346	0.529185	2.94051	3
Gm15489	chr7	120769076	120905847	-0.275195	2	23.3346	0.529185	2.94051	3
Plk1	chr7	120769076	120905847	-0.275195	2	23.3346	0.529185	2.94051	3
Gm44985	chr7	120769076	120905847	-0.275195	2	23.3346	0.529185	2.94051	3
Ern2	chr7	120769076	120905847	-0.275195	2	23.3346	0.529185	2.94051	3
Chp2	chr7	120769076	120905847	-0.275195	2	23.3346	0.529185	2.94051	3
Glud-ps	chr7	123710448	126728913	-0.315411	2	23.0855	0.44222	2.90303	3
Gm21957	chr7	123710448	126728913	-0.315411	2	23.0855	0.44222	2.90303	3
4933440M02Rik	chr7	123710448	126728913	-0.315411	2	23.0855	0.44222	2.90303	3
4930533L02Rik	chr7	123710448	126728913	-0.315411	2	23.0855	0.44222	2.90303	3
4930571K23Rik	chr7	123710448	126728913	-0.315411	2	23.0855	0.44222	2.90303	3
Gm30717	chr7	123710448	126728913	-0.315411	2	23.0855	0.44222	2.90303	3
Kdm8	chr7	123710448	126728913	-0.315411	2	23.0855	0.44222	2.90303	3
Nsmce1	chr7	123710448	126728913	-0.315411	2	23.0855	0.44222	2.90303	3
Gm4973	chr7	123710448	126728913	-0.315411	2	23.0855	0.44222	2.90303	3
Il4ra	chr7	123710448	126728913	-0.315411	2	23.0855	0.44222	2.90303	3
Gm44876	chr7	123710448	126728913	-0.315411	2	23.0855	0.44222	2.90303	3
Il21r	chr7	123710448	126728913	-0.315411	2	23.0855	0.44222	2.90303	3
Gtf3c1	chr7	123710448	126728913	-0.315411	2	23.0855	0.44222	2.90303	3
Katnip	chr7	123710448	126728913	-0.315411	2	23.0855	0.44222	2.90303	3
Gsg1l	chr7	123710448	126728913	-0.315411	2	23.0855	0.44222	2.90303	3
Gm44874	chr7	123710448	126728913	-0.315411	2	23.0855	0.44222	2.90303	3
Xpo6	chr7	123710448	126728913	-0.315411	2	23.0855	0.44222	2.90303	3
Gm17137	chr7	123710448	126728913	-0.315411	2	23.0855	0.44222	2.90303	3
Gm17136	chr7	123710448	126728913	-0.315411	2	23.0855	0.44222	2.90303	3
1700123J17Rik	chr7	123710448	126728913	-0.315411	2	23.0855	0.44222	2.90303	3
Gm44703	chr7	123710448	126728913	-0.315411	2	23.0855	0.44222	2.90303	3
Sbk1	chr7	123710448	126728913	-0.315411	2	23.0855	0.44222	2.90303	3
Gm30928	chr7	123710448	126728913	-0.315411	2	23.0855	0.44222	2.90303	3
Lat	chr7	123710448	126728913	-0.315411	2	23.0855	0.44222	2.90303	3
Mir7058	chr7	123710448	126728913	-0.315411	2	23.0855	0.44222	2.90303	3
Spns1	chr7	123710448	126728913	-0.315411	2	23.0855	0.44222	2.90303	3
Nfatc2ip	chr7	123710448	126728913	-0.315411	2	23.0855	0.44222	2.90303	3
Itgad	chr7	126850876	129049613	-0.370053	2	22.6447	0.936334	2.40148	3
Mrgprd	chr7	144164101	144302739	-0.460421	1	18.0788	0.000351403	2.93725	3
Gm7461	chr8	1601965	1746185	-0.271086	2	22.7932	0.879371	2.9517	3
Csmd1	chr8	12727440	15914963	-0.20454	2	23.2973	0.983948	11.8643	12
Unc5d	chr8	25590216	26564977	-0.203934	2	16.711	0.532141	2.97235	3
Tenm3	chr8	44452217	45601443	-0.205881	2	17.8199	0.786549	6.88177	7
Gpm6a	chr8	51503821	51620501	0.23466	3	15.5706	0.645409	2.80018	3
Csgalnact1	chr8	64874535	65579055	0.477135	3	22.4354	0.633991	2.8049	3
Myo9b	chr8	67545583	68216425	-0.293748	1	16.9547	0.974114	4.51978	5
Slc10a7	chr8	74660606	75410590	-0.283526	2	17.4656	0.985735	3.7701	4
Rnf150	chr8	79016373	79221454	0.756241	4	28.8208	0.748685	2.71705	3
Chd9	chr8	86905156	89255707	0.231773	2	20.702	0.6701	3.79938	4
A330008L17Rik	chr8	95070476	96119227	0.323665	2	20.279	0.977911	4.78028	5
Gcsh	chr8	113425059	113545351	-0.328341	1	16.62	0.960663	2.91879	3
Pkd1l2	chr8	113425059	113580904	-0.378129	1	15.9821	0.960663	4.82653	5
Gm15395	chr8	113466220	113580904	-0.393577	1	15.8985	0.498146	2.89829	3
Plcg2	chr8	113953272	115830948	-0.230676	2	17.9997	0.790419	2.95598	3
MGP_FVBNJ_G0009080	chr8	113953272	115830948	-0.230676	2	17.9997	0.790419	2.95598	3
Gm16237	chr8	121846703	122091600	-0.202728	2	18.7536	0.920216	2.96984	3
Ccdc7b	chr8	125839961	125868751	0.329054	4	23.3565	0.879371	2.6495	3
Gucy1a2	chr9	195802	4005520	-0.325639	2	21.032	0.967508	3.74628	4
Arhgap42	chr9	5720118	7240561	0.359401	2	26.5958	0.973268	2.85214	3
Cntn5	chr9	7238263	8022089	0.425256	3	25.3218	0.845685	2.89167	3
Opcml	chr9	24728943	30103443	-0.380644	2	21.9739	0.991296	3.70939	4
Scaper	chr9	52072440	52467894	0.25068	3	18.1962	0.998954	2.72796	3
Cox5a	chr9	53985264	54335290	-0.271236	2	17.4474	0.823448	2.89848	3
Gm26631	chr9	53985264	54335290	-0.271236	2	17.4474	0.823448	2.89848	3
Fam219b	chr9	53985264	54335290	-0.271236	2	17.4474	0.823448	2.89848	3
Mpi	chr9	53985264	54335290	-0.271236	2	17.4474	0.823448	2.89848	3
Scamp2	chr9	53985264	54335290	-0.271236	2	17.4474	0.823448	2.89848	3
Ulk3	chr9	53985264	54335290	-0.271236	2	17.4474	0.823448	2.89848	3
Cplx3	chr9	53985264	54335290	-0.271236	2	17.4474	0.823448	2.89848	3
Lman1l	chr9	53985264	54335290	-0.271236	2	17.4474	0.823448	2.89848	3
Csk	chr9	53985264	54335290	-0.271236	2	17.4474	0.823448	2.89848	3
Cyp1a2	chr9	53985264	54335290	-0.271236	2	17.4474	0.823448	2.89848	3
Cyp1a1	chr9	53985264	54335290	-0.271236	2	17.4474	0.823448	2.89848	3
Edc3	chr9	53985264	54335290	-0.271236	2	17.4474	0.823448	2.89848	3
Clk3	chr9	53985264	54335290	-0.271236	2	17.4474	0.823448	2.89848	3
Gm17231	chr9	53985264	54335290	-0.271236	2	17.4474	0.823448	2.89848	3
Arid3b	chr9	53985264	54335290	-0.271236	2	17.4474	0.823448	2.89848	3
Anp32a	chr9	58883705	59477317	-0.345331	2	16.8053	0.993585	2.88931	3
Coro2b	chr9	58883705	59477317	-0.345331	2	16.8053	0.993585	2.88931	3
MGP_FVBNJ_G0036521	chr9	58883705	59477317	-0.345331	2	16.8053	0.993585	2.88931	3
Dis3l	chr9	60909852	61721031	-0.24105	2	17.659	0.19757	2.94101	3
Megf11	chr9	60909852	61721031	-0.24105	2	17.659	0.19757	2.94101	3
Rab11a	chr9	60909852	61721031	-0.24105	2	17.659	0.19757	2.94101	3
MGP_FVBNJ_G0009133	chr9	60909852	61721031	-0.24105	2	17.659	0.19757	2.94101	3
Dennd4a	chr9	60909852	61721031	-0.24105	2	17.659	0.19757	2.94101	3
Igdcc4	chr9	61719984	65021405	-0.252184	1	16.8648	0.886869	2.92548	3
Gsta2	chr9	74872793	74947556	-0.491174	0	16.038	0.606214	4.73344	9
Gsta1	chr9	74971204	75041617	-0.474433	0	14.5966	0.986476	2.17904	3
Gsta5	chr9	74971204	75041617	-0.474433	0	14.5966	0.986476	2.17904	3
Ooep	chr9	74986956	75134478	-0.278863	2	16.9456	0.866641	2.88065	3
Gm8087	chr9	74986956	75134478	-0.278863	2	16.9456	0.866641	2.88065	3
Stag1	chr9	96918721	101131173	0.203634	3	19.9742	0.768951	2.92762	3
Acy1	chr9	102510803	103256270	-0.369683	2	16.883	0.689499	2.88706	3
Abhd14a	chr9	102510803	103256270	-0.369683	2	16.883	0.689499	2.88706	3
Abhd14b	chr9	102510803	103256270	-0.369683	2	16.883	0.689499	2.88706	3
Gm28959	chr9	102510803	103256270	-0.369683	2	16.883	0.689499	2.88706	3
Pcbp4	chr9	102510803	103256270	-0.369683	2	16.883	0.689499	2.88706	3
Gpr62	chr9	102510803	103256270	-0.369683	2	16.883	0.689499	2.88706	3
Parp3	chr9	102510803	103256270	-0.369683	2	16.883	0.689499	2.88706	3
Rrp9	chr9	102510803	103256270	-0.369683	2	16.883	0.689499	2.88706	3
Iqcf1	chr9	102510803	103256270	-0.369683	2	16.883	0.689499	2.88706	3
MGP_FVBNJ_G0034997	chr9	102510803	103256270	-0.369683	2	16.883	0.689499	2.88706	3
Iqcf5	chr9	102510803	103256270	-0.369683	2	16.883	0.689499	2.88706	3
Iqcf4	chr9	102510803	103256270	-0.369683	2	16.883	0.689499	2.88706	3
Iqcf6	chr9	102510803	103256270	-0.369683	2	16.883	0.689499	2.88706	3
MGP_FVBNJ_G0009801	chr9	102510803	103256270	-0.369683	2	16.883	0.689499	2.88706	3
Gm28111	chr9	102510803	103256270	-0.369683	2	16.883	0.689499	2.88706	3
Grm2	chr9	102510803	103256270	-0.369683	2	16.883	0.689499	2.88706	3
Tex264	chr9	102510803	103256270	-0.369683	2	16.883	0.689499	2.88706	3
Rad54l2	chr9	102510803	103256270	-0.369683	2	16.883	0.689499	2.88706	3
Dock3	chr9	103256037	104890148	-0.323288	1	16.9039	0.441968	3.87925	4
Fbxw14	chr9	105495623	106015104	-0.650303	1	9.97588	0.993792	2.91784	4
Lrrc2	chr9	107161195	108740244	-0.266183	2	16.8947	0.986377	4.8954	5
Rtp3	chr9	107330068	108740244	-0.325569	2	15.8908	0.492024	2.91529	3
1700061E17Rik	chr9	107330068	108740244	-0.325569	2	15.8908	0.492024	2.91529	3
Gm10030	chr9	107330068	108740244	-0.325569	2	15.8908	0.492024	2.91529	3
Ltf	chr9	107330068	108740244	-0.325569	2	15.8908	0.492024	2.91529	3
Gm43814	chr9	107330068	108740244	-0.325569	2	15.8908	0.492024	2.91529	3
Ccrl2	chr9	107330068	108740244	-0.325569	2	15.8908	0.492024	2.91529	3
Rp31-ps19	chr9	107330068	108740244	-0.325569	2	15.8908	0.492024	2.91529	3
Gm26409	chr9	107330068	108740244	-0.325569	2	15.8908	0.492024	2.91529	3
Slc22a14	chr9	115699270	116730406	0.46057	4	30.0249	0.889134	3.58837	4
Akap12	chr10	1097087	1312527	-0.352067	2	21.8508	0.892717	2.70213	3
Zbtb2	chr10	1097087	1312527	-0.352067	2	21.8508	0.892717	2.70213	3
Gm13294	chr10	1097087	1312527	-0.352067	2	21.8508	0.892717	2.70213	3
Rmnd1	chr10	1312066	1654303	-0.274024	1	23.3528	0.987354	3.70804	4
Taar7e	chr10	20756836	21177026	0.506677	3	29.921	0.892945	2.79344	3
Nkain2	chr10	28436333	29700010	0.603276	3	26.9874	0.961109	3.39226	4
Frk	chr10	31067506	31887416	0.34105	3	25.331	0.942404	2.84434	3
Lama4	chr10	35520327	36534589	0.917859	5	31.4665	0.232362	2.76154	3
Grik2	chr10	45591838	46464799	0.27405	3	26.2297	0.997836	2.87956	3
MGP_FVBNJ_G0009329	chr10	59004386	59144672	-0.216346	1	25.3656	0.200075	2.97762	3
Slc25a16	chr10	59004386	59144672	-0.216346	1	25.3656	0.200075	2.97762	3
Gm25862	chr10	59004386	59144672	-0.216346	1	25.3656	0.200075	2.97762	3
Gm16128	chr10	59004386	59144672	-0.216346	1	25.3656	0.200075	2.97762	3
Dna2	chr10	59004386	59144672	-0.216346	1	25.3656	0.200075	2.97762	3
Rufy2	chr10	59004386	59366140	-0.207258	1	25.2416	0.200075	4.96358	5
1700023F02Rik	chr10	62229523	62878430	0.383081	3	27.7558	0.927466	2.87231	3
Gm20609	chr10	67359859	67482916	-0.247996	2	24.5597	0.993792	2.94615	3
Cisd1	chr10	67359859	67482916	-0.247996	2	24.5597	0.993792	2.94615	3
Ipmk	chr10	67359859	67627382	-0.262958	2	23.8619	0.993792	3.90522	4
Pcdh15	chr10	69081350	71321568	-0.251427	2	21.916	0.716414	8.80711	9
Gucd1	chr10	71397185	71891428	-0.274827	2	25.1042	0.937716	3.87651	4
Snrpd3	chr10	71492382	71891428	-0.315551	2	24.1426	0.559048	2.88258	3
Lrrc75b	chr10	71492382	71891428	-0.315551	2	24.1426	0.559048	2.88258	3
Ggt1	chr10	71492382	71891428	-0.315551	2	24.1426	0.559048	2.88258	3
Ggt5	chr10	71492382	71891428	-0.315551	2	24.1426	0.559048	2.88258	3
Gm9985	chr10	71492382	71891428	-0.315551	2	24.1426	0.559048	2.88258	3
Gm26402	chr10	71492382	71891428	-0.315551	2	24.1426	0.559048	2.88258	3
Gm9794	chr10	71492382	71891428	-0.315551	2	24.1426	0.559048	2.88258	3
Mgat4c	chr10	98222591	99159476	0.285139	5	16.2942	0.613884	6.32464	7
Tmtc2	chr10	101562545	102093938	-0.485262	0	14.6052	0.176052	2.82607	3
Gm25342	chr10	102252360	102343979	-0.303793	2	14.1888	0.89925	2.83995	3
Acss3	chr10	103221730	103849587	0.351783	3	20.7379	0.786549	6.76341	7
Frs2	chr10	113401115	113707235	-0.205358	2	18.7754	0.17694	2.98277	3
MGP_FVBNJ_G0038281	chr10	113401115	113707235	-0.205358	2	18.7754	0.17694	2.98277	3
Yeats4	chr10	113401115	113707235	-0.205358	2	18.7754	0.17694	2.98277	3
9530003J23Rik	chr10	113401115	113707235	-0.205358	2	18.7754	0.17694	2.98277	3
Gm10936	chr10	113401115	113707235	-0.205358	2	18.7754	0.17694	2.98277	3
Lyz2	chr10	113578749	113710651	-0.380781	2	15.3075	0.515399	2.88484	3
Lyz1	chr10	113578749	113710651	-0.380781	2	15.3075	0.515399	2.88484	3
Cpsf6	chr10	113578749	113710651	-0.380781	2	15.3075	0.515399	2.88484	3
Olfr815	chr10	126365628	126422727	-0.37166	2	13.2887	0.904521	2.87593	3
Olfr814	chr10	126365628	126422727	-0.37166	2	13.2887	0.904521	2.87593	3
Olfr816	chr10	126423579	126630197	-0.256504	2	16.3124	0.857732	2.91605	3
MGP_FVBNJ_G0039721	chr10	126423579	126630197	-0.256504	2	16.3124	0.857732	2.91605	3
Olfr818	chr10	126423579	126630197	-0.256504	2	16.3124	0.857732	2.91605	3
Olfr819	chr10	126423579	126630197	-0.256504	2	16.3124	0.857732	2.91605	3
Gm10310	chr10	126423579	126630197	-0.256504	2	16.3124	0.857732	2.91605	3
Ehbp1	chr11	18852091	19830976	0.470555	3	32.953	0.861153	4.59673	5
Gm12108	chr11	28731184	29783437	-0.380475	2	27.5185	0.998129	2.25338	3
Gm12109	chr11	28731184	29783437	-0.380475	2	27.5185	0.998129	2.25338	3
Il9r	chr11	28731184	29783437	-0.380475	2	27.5185	0.998129	2.25338	3
Gm12187	chr11	45717852	46026361	-0.409409	1	29.6492	0.993792	4.76496	5
Olfr56	chr11	45717852	46026361	-0.409409	1	29.6492	0.993792	4.76496	5
Aff4	chr11	50099789	50753884	0.23544	3	27.8909	0.751314	3.83275	4
Meikin	chr11	51221969	51253570	1.01375	5	45.6058	0.934862	2.25063	3
Olfr331	chr11	55403633	55509395	-0.273582	1	20.6145	0.474577	2.94686	3
Olfr224	chr11	55403633	55509395	-0.273582	1	20.6145	0.474577	2.94686	3
Gm12714	chr11	56792897	57565048	-0.332816	2	21.4207	0.826073	2.59375	3
1810063I02Rik	chr11	56792897	57565048	-0.332816	2	21.4207	0.826073	2.59375	3
Med9os	chr11	56792897	57565048	-0.332816	2	21.4207	0.826073	2.59375	3
Med9	chr11	56792897	57565048	-0.332816	2	21.4207	0.826073	2.59375	3
Rasd1	chr11	56792897	57565048	-0.332816	2	21.4207	0.826073	2.59375	3
Pemt	chr11	56792897	57565048	-0.332816	2	21.4207	0.826073	2.59375	3
Fndc8	chr11	80029225	80164470	-0.238481	1	37.0228	0.940715	2.94318	3
Gm11735	chr11	114535111	115804737	0.501261	3	69.4234	0.92563	2.6566	3
Gm20498	chr12	77306193	78570644	-0.200216	2	18.9738	0.625789	2.97661	3
Cox16	chr12	77306193	78570644	-0.200216	2	18.9738	0.625789	2.97661	3
Gm4787	chr12	77306193	78570644	-0.200216	2	18.9738	0.625789	2.97661	3
Rgs6	chr12	78443097	79955952	-0.321517	2	17.1507	0.771071	3.87738	4
Vsx2	chr12	80499521	81497504	-0.396559	2	17.5275	0.142614	2.81288	3
Abcd4	chr12	80499521	81497504	-0.396559	2	17.5275	0.142614	2.81288	3
Vrtn	chr12	80499521	81497504	-0.396559	2	17.5275	0.142614	2.81288	3
Syndig1l	chr12	80499521	81497504	-0.396559	2	17.5275	0.142614	2.81288	3
Galc	chr12	93837005	94144166	-0.35635	2	14.9151	0.840563	2.82806	3
Gm17042	chr12	99623421	99800565	-0.484006	3	13.1758	0.993792	3.33317	4
Gm8895	chr12	99623421	101295027	-0.408516	3	14.2266	0.993792	6.07012	7
Meg3	chr12	105520727	106302293	-0.331843	2	16.364	0.957318	3.8522	4
MGP_FVBNJ_G0009395	chr12	105810196	106302293	-0.395684	1	15.3895	0.768594	2.86023	3
Mir1906-2	chr12	105810196	106302293	-0.395684	1	15.3895	0.768594	2.86023	3
Ighv3-5	chr12	110696902	111538139	-0.390048	1	15.9241	0.865384	2.88318	3
Zfp386	chr12	112605640	113243534	-0.246517	2	21.5428	0.801343	2.97886	3
Vipr2	chr12	112605640	113243534	-0.246517	2	21.5428	0.801343	2.97886	3
Gm20658	chr12	112605640	113243534	-0.246517	2	21.5428	0.801343	2.97886	3
MGP_FVBNJ_G0007976	chr12	112605640	113243534	-0.246517	2	21.5428	0.801343	2.97886	3
Gm25112	chr12	113032587	113280250	-0.282421	1	20.0456	0.0400088	2.9775	3
MGP_FVBNJ_G0037167	chr12	113032587	113280250	-0.282421	1	20.0456	0.0400088	2.9775	3
Ptprn2	chr12	113032587	114267237	-0.24779	1	20.7621	0.0400088	11.9225	12
Gm17807	chr12	113032587	113280250	-0.282421	1	20.0456	0.0400088	2.9775	3
Gm10421	chr12	113624214	114267237	-0.233451	1	21.3487	0.130804	2.98678	3
Gm5441	chr12	113624214	114267237	-0.233451	1	21.3487	0.130804	2.98678	3
Mir153	chr12	113624214	114267237	-0.233451	1	21.3487	0.130804	2.98678	3
Gm20613	chr12	114305637	114598426	-0.213519	2	21.2714	0.142417	2.98603	3
Cdca7l	chr12	114305637	114598426	-0.213519	2	21.2714	0.142417	2.98603	3
Dnah11	chr12	114305637	115397555	-0.246425	2	20.5256	0.142417	6.96956	7
Sp4	chr12	114598436	115397555	-0.259714	1	20.2301	0.0011709	2.99159	3
MGP_FVBNJ_G0037168	chr12	114944525	115660871	-0.223014	2	20.6764	0.00706595	2.99155	3
MGP_FVBNJ_G0009397	chr12	114944525	115660871	-0.223014	2	20.6764	0.00706595	2.99155	3
Dip2c	chr13	5519865	7399807	0.250584	2	37.7155	0.986457	3.66301	4
Actn2	chr13	8471828	8586671	-0.298297	2	23.339	0.997592	3.87747	4
Sugct	chr13	13370274	14429953	-0.22536	1	23.5262	0.985735	5.78336	6
Amph	chr13	14870833	15389863	-0.228438	2	24.8818	0.999135	4.90155	5
Gm31887	chr13	15130920	15389863	-0.297192	2	23.7977	0.927694	2.90795	3
Trgv7	chr13	15130920	15389863	-0.297192	2	23.7977	0.927694	2.90795	3
Trgv4	chr13	15130920	15389863	-0.297192	2	23.7977	0.927694	2.90795	3
Trgv6	chr13	15130920	15389863	-0.297192	2	23.7977	0.927694	2.90795	3
Trgv5	chr13	15130920	15389863	-0.297192	2	23.7977	0.927694	2.90795	3
Trgv3	chr13	15402108	15450373	-0.396605	1	17.7218	0.892963	2.85004	3
Trgc3	chr13	15402108	15453755	-0.421132	1	18.4468	0.892963	3.80907	4
Vmn1r-ps103	chr13	18591827	18735823	-0.201209	2	23.9808	0.494114	2.97609	3
Vmn1r189	chr13	18591827	18735823	-0.201209	2	23.9808	0.494114	2.97609	3
Vmn1r-ps104	chr13	18591827	18735823	-0.201209	2	23.9808	0.494114	2.97609	3
Gm11298	chr13	18591827	18735823	-0.201209	2	23.9808	0.494114	2.97609	3
Vmn1r201	chr13	18591827	18735823	-0.201209	2	23.9808	0.494114	2.97609	3
Vmn1r-ps106	chr13	18591827	18735823	-0.201209	2	23.9808	0.494114	2.97609	3
Vmn1r-ps107	chr13	18591827	18735823	-0.201209	2	23.9808	0.494114	2.97609	3
Vmn1r-ps108	chr13	18591827	18735823	-0.201209	2	23.9808	0.494114	2.97609	3
Vmn1r202	chr13	18591827	18735823	-0.201209	2	23.9808	0.494114	2.97609	3
Prl7b1	chr13	23818071	23853616	0.442616	3	30.3258	0.827449	2.7716	3
Phactr1	chr13	39081504	40910225	-0.325593	2	16.2846	0.630879	2.89586	3
Gm15812	chr13	39081504	40910225	-0.325593	2	16.2846	0.630879	2.89586	3
Gm15809	chr13	39081504	40910225	-0.325593	2	16.2846	0.630879	2.89586	3
MGP_FVBNJ_G0009406	chr13	39081504	40910225	-0.325593	2	16.2846	0.630879	2.89586	3
Gm15813	chr13	39081504	40910225	-0.325593	2	16.2846	0.630879	2.89586	3
Tbc1d7	chr13	39081504	40910225	-0.325593	2	16.2846	0.630879	2.89586	3
Gfod1	chr13	39081504	40910225	-0.325593	2	16.2846	0.630879	2.89586	3
Sirt5	chr13	39081504	40910225	-0.325593	2	16.2846	0.630879	2.89586	3
Zfp85os	chr13	63951865	64846993	-0.565452	1	17.2608	0.933266	2.73892	3
Edil3	chr13	85284144	85749456	0.250553	2	27.8896	0.890024	6.85879	7
Gm4117	chr13	86175566	87025956	0.391263	3	31.0911	0.960717	3.81864	4
Xrcc4	chr13	86291795	87025956	0.349219	3	29.5529	0.514368	2.92289	3
Zfp366	chr13	95578834	96592556	-0.288315	2	24.8425	0.956935	2.77904	3
Ptcd2	chr13	95578834	96592556	-0.288315	2	24.8425	0.956935	2.77904	3
Mrps27	chr13	95578834	96592556	-0.288315	2	24.8425	0.956935	2.77904	3
6430562O15Rik	chr13	95578834	96592556	-0.288315	2	24.8425	0.956935	2.77904	3
Map1b	chr13	95578834	96592556	-0.288315	2	24.8425	0.956935	2.77904	3
Gm26559	chr13	95578834	96592556	-0.288315	2	24.8425	0.956935	2.77904	3
1700012J22Rik	chr13	95578834	96592556	-0.288315	2	24.8425	0.956935	2.77904	3
Gm24471	chr13	95578834	96592556	-0.288315	2	24.8425	0.956935	2.77904	3
Cartpt	chr13	95578834	96592556	-0.288315	2	24.8425	0.956935	2.77904	3
Mccc2	chr13	95578834	96592556	-0.288315	2	24.8425	0.956935	2.77904	3
Map3k1	chr13	108146689	108269955	-0.226319	2	25.4268	0.993792	2.91203	3
Gm15327	chr13	108146689	108269955	-0.226319	2	25.4268	0.993792	2.91203	3
Gm15325	chr13	108146689	108269955	-0.226319	2	25.4268	0.993792	2.91203	3
Gm15324	chr13	108146689	108269955	-0.226319	2	25.4268	0.993792	2.91203	3
Gm15326	chr13	108146689	108269955	-0.226319	2	25.4268	0.993792	2.91203	3
Ncf2-rs	chr13	108146689	108269955	-0.226319	2	25.4268	0.993792	2.91203	3
Dlg5	chr14	16265993	16502043	-0.305918	2	23.1638	0.826073	2.94067	3
Gm17105	chr14	16265993	16502043	-0.305918	2	23.1638	0.826073	2.94067	3
A630023A22Rik	chr14	26257253	26621866	-0.23527	2	22.2622	0.999193	2.92354	3
Gm24394	chr14	28748502	29099613	-0.241086	2	21.8329	0.975527	2.94942	3
Trav13d-1	chr14	45562569	45798483	-0.500567	1	21.8398	0.499127	6.56156	7
Trav13n-4	chr14	45562569	45591437	-0.474149	1	24.9147	0.499127	4.73524	5
Diaph3	chr14	78647857	79349046	-0.219488	1	21.6316	0.991021	2.94809	3
Pcdh9	chr14	84778411	85746323	0.309322	2	25.6493	0.832034	4.63945	5
Klhl1	chr14	87955540	88346818	0.384515	3	29.4828	0.949421	2.31514	3
Hs6st3	chr14	110513296	114219064	-0.42016	2	18.8698	0.875045	7.76039	9
4921515E04Rik	chr15	14643859	14788761	0.42333	3	30.3412	0.975641	2.78758	3
Cdh12	chr15	17627118	18269547	0.719001	3	30.9614	0.852917	3.6037	4
Rgs22	chr15	32292597	34908857	-0.219853	2	27.4907	0.985735	3.88028	4
Gm23665	chr15	42942951	43137938	-0.219701	2	25.1175	0.927694	2.95437	3
Mtbp	chr15	51540998	52629612	0.279419	3	37.2946	0.884546	2.92148	3
Gsdmc	chr15	59657113	59698867	0.453076	3	37.6395	0.94803	3.78799	4
Gsdmc4	chr15	59657113	59698867	0.453076	3	37.6395	0.94803	3.78799	4
Apol7b	chr15	73285300	73363040	0.362706	3	41.2394	0.953797	3.82017	4
Tafa5	chr15	83767605	84823150	-0.203708	2	27.855	0.965426	2.96402	3
Cpne8	chr15	86714610	88055000	0.227884	3	32.2944	0.930614	2.96017	3
Cntn1	chr15	88280560	88930144	0.385635	2	29.8182	0.865384	3.84925	4
Gnb1l	chr16	14947138	15172236	0.362577	4	32.2885	0.715317	2.80473	3
2010309G21Rik	chr16	15532464	15558160	-0.303129	2	20.7264	0.884634	2.93986	3
Kng2	chr16	19482064	20184979	0.232129	1	21.8099	0.761555	2.7507	3
Fbxo45	chr16	28681071	28802229	-0.309854	2	15.5954	0.672918	2.92315	3
Gm25848	chr16	28681071	28802229	-0.309854	2	15.5954	0.672918	2.92315	3
Wdr53	chr16	28681071	28802229	-0.309854	2	15.5954	0.672918	2.92315	3
Mir1946a	chr16	28681071	28802229	-0.309854	2	15.5954	0.672918	2.92315	3
Smco1	chr16	28681071	28802229	-0.309854	2	15.5954	0.672918	2.92315	3
Rnf168	chr16	28681071	28802229	-0.309854	2	15.5954	0.672918	2.92315	3
Ropn1	chr16	31030290	31387257	-0.218941	2	17.6996	0.936375	2.96645	3
Stxbp5l	chr16	33583785	35355369	-0.238381	2	16.0885	0.843602	2.90645	3
Dzip3	chr16	45304365	47015336	0.37896	3	19.3486	0.380736	6.77522	7
Gm22576	chr16	45326480	45347338	0.51146	3	19.8997	0.548278	2.8746	3
Gm17054	chr16	57296297	57384815	-0.402727	1	7.88118	0.567961	2.89698	3
Gm24164	chr16	58741019	58836428	-0.311059	1	8.89152	0.497714	2.94185	3
Csnka2ip	chr16	60556380	61067170	-0.254405	2	9.26801	0.892717	2.96725	3
Zfp654	chr16	60950234	61120165	-0.30286	1	9.44845	0.608425	2.97018	3
Cggbp1	chr16	60950234	61120165	-0.30286	1	9.44845	0.608425	2.97018	3
Gm9061	chr16	60950234	61120165	-0.30286	1	9.44845	0.608425	2.97018	3
Htr1f	chr16	61069669	61356313	-0.336454	1	8.83331	0.0539342	6.86777	7
Gm22429	chr16	61294719	61531705	-0.264986	1	9.1899	0.646151	2.96909	3
Pou1f1	chr16	61534986	61835938	-0.227573	2	9.94118	0.543237	2.98022	3
Chmp2b	chr16	61534986	61835938	-0.227573	2	9.94118	0.543237	2.98022	3
Vgll3	chr16	61883199	62300943	-0.206716	2	9.60545	0.381533	2.98285	3
Robo1	chr16	68548395	69192246	-0.278094	2	9.27879	0.96769	6.81695	7
Tmprss15	chr16	74838882	75283292	0.365127	3	13.2963	0.982275	2.86717	3
Gm37709	chr16	75414745	75736874	-0.243068	2	8.76897	0.950514	2.96501	3
Mpc1	chr17	5354014	5407518	-0.274919	2	25.1818	0.807399	2.95289	3
4930506C21Rik	chr17	5354014	5423278	-0.26692	2	26.1124	0.807399	3.9326	4
Sft2d1	chr17	5392743	6518397	-0.240265	1	26.0832	0.888566	2.94013	3
Prkn	chr17	8075711	9357659	-0.259949	2	26.9092	0.617848	4.97069	5
Map3k4	chr17	9299043	10023885	-0.25766	1	27.1321	0.359551	2.95978	3
Acat2	chr17	10016269	10111784	-0.326116	1	24.3051	0.993792	3.82371	4
Sod2	chr17	10111571	11007806	-0.214357	1	27.0111	0.953797	4.43684	6
Gm16050	chr17	10445222	11007806	-0.211716	3	26.6896	0.978543	1.93706	3
BC002059	chr17	14010733	14421602	-0.404199	2	20.6459	0.764025	2.32957	3
Vmn2r127	chr17	15716455	16956356	-0.236902	2	21.42	0.831205	4.92057	5
Zfp758	chr17	19498517	20158800	-0.379969	1	20.6477	0.986093	6.05177	7
Zfp943	chr17	19498517	19620915	-0.630381	1	17.8593	0.986093	3.12859	4
Vmn2r130	chr17	20561208	20582403	0.492642	3	25.6357	0.883774	2.7426	3
Glo1	chr17	28425130	29352534	-0.280174	2	23.8795	0.917865	3.77992	4
1700097N02Rik	chr17	28513264	29352534	-0.327845	2	22.7565	0.367132	2.7867	3
Dnah8	chr17	28513264	29352534	-0.327845	2	22.7565	0.367132	2.7867	3
MGP_FVBNJ_G0037371	chr17	28513264	29352534	-0.327845	2	22.7565	0.367132	2.7867	3
Glp1r	chr17	28513264	29352534	-0.327845	2	22.7565	0.367132	2.7867	3
Umodl1	chr17	28513264	29352534	-0.327845	2	22.7565	0.367132	2.7867	3
MGP_FVBNJ_G0008269	chr17	28513264	29352534	-0.327845	2	22.7565	0.367132	2.7867	3
Abcg1	chr17	28513264	29352534	-0.327845	2	22.7565	0.367132	2.7867	3
MGP_FVBNJ_G0036385	chr17	28513264	29352534	-0.327845	2	22.7565	0.367132	2.7867	3
Tff3	chr17	28513264	29352534	-0.327845	2	22.7565	0.367132	2.7867	3
Tff2	chr17	28513264	29352534	-0.327845	2	22.7565	0.367132	2.7867	3
Gm15318	chr17	28513264	29352534	-0.327845	2	22.7565	0.367132	2.7867	3
Tff1	chr17	28513264	29352534	-0.327845	2	22.7565	0.367132	2.7867	3
Tmprss3	chr17	28513264	29352534	-0.327845	2	22.7565	0.367132	2.7867	3
Ubash3a	chr17	28513264	29352534	-0.327845	2	22.7565	0.367132	2.7867	3
Rsph1	chr17	28513264	29352534	-0.327845	2	22.7565	0.367132	2.7867	3
Slc37a1	chr17	28513264	29352534	-0.327845	2	22.7565	0.367132	2.7867	3
Pde9a	chr17	28513264	29661726	-0.298462	2	23.4143	0.367132	3.76877	4
MGP_FVBNJ_G0036187	chr17	31431036	32210413	-0.464956	2	21.0258	0.808278	2.62655	3
Actl9	chr17	31431036	32210413	-0.464956	2	21.0258	0.808278	2.62655	3
Adamts10	chr17	31431036	32210413	-0.464956	2	21.0258	0.808278	2.62655	3
Myo1f	chr17	31431036	32210413	-0.464956	2	21.0258	0.808278	2.62655	3
Gm20530	chr17	32209791	34305660	-0.295719	0	23.0037	0.927694	9.05171	10
H2-Q10	chr17	33637231	34305660	-0.299976	2	23.7134	0.762256	2.835	3
Pou5f1	chr17	33637231	34305660	-0.299976	2	23.7134	0.762256	2.835	3
Gm19553	chr17	33637231	34305660	-0.299976	2	23.7134	0.762256	2.835	3
Tcf19	chr17	33637231	34305660	-0.299976	2	23.7134	0.762256	2.835	3
Cchcr1	chr17	33637231	34305660	-0.299976	2	23.7134	0.762256	2.835	3
Psors1c2	chr17	33637231	34305660	-0.299976	2	23.7134	0.762256	2.835	3
Cdsn	chr17	33637231	34305660	-0.299976	2	23.7134	0.762256	2.835	3
Gm9613	chr17	33637231	34305660	-0.299976	2	23.7134	0.762256	2.835	3
2300002M23Rik	chr17	33637231	34305660	-0.299976	2	23.7134	0.762256	2.835	3
Sfta2	chr17	33637231	34305660	-0.299976	2	23.7134	0.762256	2.835	3
Muc21	chr17	33637231	34305660	-0.299976	2	23.7134	0.762256	2.835	3
Mucl3	chr17	33637231	34305660	-0.299976	2	23.7134	0.762256	2.835	3
Gm20483	chr17	33637231	34305660	-0.299976	2	23.7134	0.762256	2.835	3
Vars2	chr17	33637231	34305660	-0.299976	2	23.7134	0.762256	2.835	3
Gtf2h4	chr17	33637231	34305660	-0.299976	2	23.7134	0.762256	2.835	3
Ddr1	chr17	33637231	34305660	-0.299976	2	23.7134	0.762256	2.835	3
MGP_FVBNJ_G0037376	chr17	33637231	34305660	-0.299976	2	23.7134	0.762256	2.835	3
Gm4577	chr17	33637231	34305660	-0.299976	2	23.7134	0.762256	2.835	3
Gm4271	chr17	34944982	35338372	-0.221942	2	24.459	0.620925	2.96894	3
H2-M10.5	chr17	34944982	35338372	-0.221942	2	24.459	0.620925	2.96894	3
H2-M10.6	chr17	34944982	35338372	-0.221942	2	24.459	0.620925	2.96894	3
Trim26	chr17	34944982	35338372	-0.221942	2	24.459	0.620925	2.96894	3
Gm25973	chr17	34944982	35338372	-0.221942	2	24.459	0.620925	2.96894	3
Trim15	chr17	34944982	35338372	-0.221942	2	24.459	0.620925	2.96894	3
Trim10	chr17	34944982	35338372	-0.221942	2	24.459	0.620925	2.96894	3
Trim40	chr17	34944982	35338372	-0.221942	2	24.459	0.620925	2.96894	3
Trim31	chr17	34944982	35338372	-0.221942	2	24.459	0.620925	2.96894	3
1700031A10Rik	chr17	34944982	35338372	-0.221942	2	24.459	0.620925	2.96894	3
Rnf39	chr17	34944982	35338372	-0.221942	2	24.459	0.620925	2.96894	3
Ppp1r11	chr17	34944982	35338372	-0.221942	2	24.459	0.620925	2.96894	3
Polr1h	chr17	34944982	35338372	-0.221942	2	24.459	0.620925	2.96894	3
Polr1has	chr17	34944982	35338372	-0.221942	2	24.459	0.620925	2.96894	3
MGP_FVBNJ_G0009480	chr17	34944982	35338372	-0.221942	2	24.459	0.620925	2.96894	3
H2-M6-ps	chr17	34944982	35338372	-0.221942	2	24.459	0.620925	2.96894	3
2410137M14Rik	chr17	34944982	35338372	-0.221942	2	24.459	0.620925	2.96894	3
H2-M5	chr17	34944982	35338372	-0.221942	2	24.459	0.620925	2.96894	3
Zfp57	chr17	34944982	35338372	-0.221942	2	24.459	0.620925	2.96894	3
Mog	chr17	34944982	35338372	-0.221942	2	24.459	0.620925	2.96894	3
MGP_FVBNJ_G0009481	chr17	34944982	35338372	-0.221942	2	24.459	0.620925	2.96894	3
Gabbr1	chr17	34944982	35338372	-0.221942	2	24.459	0.620925	2.96894	3
Olfr90	chr17	34944982	35338372	-0.221942	2	24.459	0.620925	2.96894	3
Olfr91	chr17	34944982	35338372	-0.221942	2	24.459	0.620925	2.96894	3
Olfr92	chr17	35338382	35374278	-0.417614	2	21.4591	0.81014	2.88459	3
Olfr93	chr17	35338382	35374278	-0.417614	2	21.4591	0.81014	2.88459	3
Vhl-ps1	chr17	35338382	35374278	-0.417614	2	21.4591	0.81014	2.88459	3
MGP_FVBNJ_G0005681	chr17	35338382	35522710	-0.340233	2	21.8796	0.81014	4.86153	5
Gm7031	chr17	35338382	35374278	-0.417614	2	21.4591	0.81014	2.88459	3
Olfr107	chr17	35609132	35921697	-0.259532	2	21.208	0.957689	2.94726	3
Olfr759-ps1	chr17	35609132	35921697	-0.259532	2	21.208	0.957689	2.94726	3
Gm18808	chr17	35609132	35921697	-0.259532	2	21.208	0.957689	2.94726	3
Olfr108	chr17	35609132	35921697	-0.259532	2	21.208	0.957689	2.94726	3
Olfr760-ps1	chr17	35609132	35921697	-0.259532	2	21.208	0.957689	2.94726	3
Olfr109	chr17	35609132	35921697	-0.259532	2	21.208	0.957689	2.94726	3
Opn5	chr17	40824030	40899648	0.523956	5	38.9896	0.774607	2.66567	3
Mocs1	chr17	47674529	48725128	-0.215536	2	25.5724	0.625789	4.91292	5
Daam2	chr17	47886098	48725128	-0.23641	2	25.0207	0.937716	2.92304	3
Kif6	chr17	47886098	48725128	-0.23641	2	25.0207	0.937716	2.92304	3
Tbc1d5	chr17	49605178	49990646	0.237239	3	25.9996	0.985363	2.88585	3
Ndc80	chr17	69863508	70412333	-0.261092	1	23.1519	0.98229	2.85565	3
Arhgap12	chr18	2645512	3184594	-0.367013	2	24.6393	0.900224	2.84404	3
Dsg1c	chr18	16832820	16902958	0.534198	3	28.164	0.865384	4.66495	5
Dsg1a	chr18	16999480	18110226	0.367115	3	27.5522	0.516389	2.90076	3
Dsg1b	chr18	16999480	18110226	0.367115	3	27.5522	0.516389	2.90076	3
Onecut2	chr18	60681389	63116637	-0.316675	2	16.4098	0.993792	2.85658	3
Fech	chr18	60681389	63116637	-0.316675	2	16.4098	0.993792	2.85658	3
Nars	chr18	60681389	63116637	-0.316675	2	16.4098	0.993792	2.85658	3
Atp8b1	chr18	60681389	63116637	-0.316675	2	16.4098	0.993792	2.85658	3
Cndp1	chr18	80852264	81250653	-0.207967	1	17.4188	0.648243	2.97366	3
Gm7289	chr18	80852264	81250653	-0.207967	1	17.4188	0.648243	2.97366	3
Cyb5a	chr18	81098176	81284454	-0.20917	2	17.3825	0.689276	2.97564	3
Gm16146	chr18	81098176	81284454	-0.20917	2	17.3825	0.689276	2.97564	3
Fbxo15	chr18	81098176	81284454	-0.20917	2	17.3825	0.689276	2.97564	3
Timm21	chr18	81098176	81284454	-0.20917	2	17.3825	0.689276	2.97564	3
Eif3s6-ps2	chr18	86429161	86534061	-0.275034	2	14.3773	0.984407	2.92017	3
Ptgdr2	chr19	7794091	7991833	-0.220846	2	22.557	0.837271	2.95548	3
Ccdc86	chr19	7794091	7991833	-0.220846	2	22.557	0.837271	2.95548	3
Ms4a10	chr19	7794091	7991833	-0.220846	2	22.557	0.837271	2.95548	3
Ms4a15	chr19	7794091	7991833	-0.220846	2	22.557	0.837271	2.95548	3
Ms4a18	chr19	7794091	7991833	-0.220846	2	22.557	0.837271	2.95548	3
Gm28347	chr19	7794091	7991833	-0.220846	2	22.557	0.837271	2.95548	3
Ms4a4b	chr19	8338920	9093010	-0.37139	3	16.3042	0.851338	5.89397	7
Gm8369	chr19	8338920	9093010	-0.37139	3	16.3042	0.851338	5.89397	7
Trpm3	chr19	18823813	20339021	0.480642	2	26.9744	0.924468	5.65243	6
Gm27151	chr19	19283879	20339021	0.555061	3	30.2296	0.887633	2.8189	3
9930021J03Rik	chr19	26593498	27201945	0.282407	3	24.2771	0.689276	2.91305	3
Lipo1	chr19	30575833	31354819	0.360327	3	22.1199	0.569839	3.83276	4
Gm8980	chr19	30575833	31354819	0.360327	3	22.1199	0.569839	3.83276	4
Lipo5	chr19	30575833	31354819	0.360327	3	22.1199	0.569839	3.83276	4
Cyp2c68	chr19	36594711	36686807	0.481868	3	23.8024	0.956935	2.7684	3
Cyp2c67	chr19	36594711	36686807	0.481868	3	23.8024	0.956935	2.7684	3
Cyp2c69	chr19	36594711	36686807	0.481868	3	23.8024	0.956935	2.7684	3
Cyp2c40	chr19	36684630	36785566	-0.387635	3	13.0247	0.977911	2.49263	3
Pi4k2a	chr19	39060813	40575724	0.30128	3	24.6278	0.961136	2.81087	3
Cfap43	chr19	44830191	45984249	0.328621	4	26.4793	0.6701	3.78463	4
Slc35a2	chrX	2449976	3503681	-0.225692	2	27.0136	0.938199	2.96131	3
Pqbp1	chrX	2449976	3503681	-0.225692	2	27.0136	0.938199	2.96131	3
Timm17b	chrX	2449976	3503681	-0.225692	2	27.0136	0.938199	2.96131	3
Gm10491	chrX	2449976	3503681	-0.225692	2	27.0136	0.938199	2.96131	3
Gm10490	chrX	2449976	3503681	-0.225692	2	27.0136	0.938199	2.96131	3
Pcsk1n	chrX	2449976	3503681	-0.225692	2	27.0136	0.938199	2.96131	3
Eras	chrX	2449976	3503681	-0.225692	2	27.0136	0.938199	2.96131	3
Hdac6	chrX	2449976	3503681	-0.225692	2	27.0136	0.938199	2.96131	3
Psmb6-ps	chrX	2449976	3503681	-0.225692	2	27.0136	0.938199	2.96131	3
Gata1	chrX	2449976	3503681	-0.225692	2	27.0136	0.938199	2.96131	3
Usp9x	chrX	7688694	7805556	0.325168	4	33.7275	0.897797	2.45009	3
Cask	chrX	8209390	8576273	0.447296	3	26.0189	0.945366	3.7172	4
Kdm6a	chrX	12926099	13335951	0.493689	3	30.3796	0.890024	4.72302	5
Klhl13	chrX	17809872	18199645	0.248562	2	27.0474	0.865384	3.60661	4
Wdr44	chrX	18363254	26311669	0.226694	4	23.4044	0.781252	3.55297	4
Rhox3e	chrX	32072937	32179337	0.237585	1	29.3908	0.956935	5.29719	6
Tenm1	chrX	37201303	38038575	0.362239	3	28.3933	0.971658	6.63044	7
Gm14652	chrX	40376179	40424401	-0.340544	1	22.8671	0.993792	2.91614	3
MGP_FVBNJ_G0038061	chrX	40376179	40424401	-0.340544	1	22.8671	0.993792	2.91614	3
4930515L19Rik	chrX	40827734	41007658	-0.280455	2	22.67	0.998129	3.90569	4
Gm29242	chrX	41165036	41448981	-0.382884	1	20.6967	0.998129	4.80119	5
Slc25a14	chrX	43211488	43362653	-0.298521	1	9.35818	0.967592	2.92173	3
Enox2	chrX	43678416	43994611	0.376857	3	17.2593	0.846269	6.56379	7
Gm14697	chrX	43827096	44142857	0.395739	2	12.4636	0.911606	2.74563	3
Hs6st2	chrX	45924370	46485704	-0.292279	2	9.73212	0.790842	5.84744	6
Phf6	chrX	47414957	48018262	-0.277374	1	9.63905	0.954967	2.92107	3
Gm14638	chrX	48389969	48421112	-0.268205	1	8.31546	0.638183	2.70951	3
Gm14624	chrX	50580413	50603077	0.349829	7	23.2405	0.908465	1.47839	3
Smim10l2a	chrX	50996106	51167806	-0.24779	2	10.1382	0.707738	2.96336	3
Ints6l	chrX	51100412	51493909	-0.222032	1	10.4484	0.626683	2.97261	3
Map7d3	chrX	51377335	51524926	-0.284897	2	9.37362	0.896776	2.88345	3
Adgrg4	chrX	51567010	51801564	-0.333078	1	8.96591	0.55668	2.94048	3
Tm9sf5	chrX	52121416	52262716	-0.254601	2	10.5274	0.887151	3.92521	4
Fgf13	chrX	53918292	54307083	-0.234133	2	9.38223	0.793579	4.93264	5
Gm14887	chrX	54549148	54600233	-0.312839	1	10.0098	0.956935	2.92317	3
F9	chrX	54670607	54725998	-0.307785	2	12.6552	0.999064	2.92667	3
Gm16411	chrX	56929565	56991913	-0.301443	1	10.5791	0.947003	2.92653	3
Gm22332	chrX	63318145	63390230	-0.213055	2	11.0117	0.918508	2.96286	3
Fmr1	chrX	63397717	63548085	0.2191	2	12.4876	0.788153	3.87264	4
Cd99l2	chrX	66115485	66328047	-0.28735	2	9.69158	0.928314	2.90655	3
Gm25226	chrX	68511381	68761779	-0.230977	2	15.1196	0.993792	2.97177	3
Plxnb3	chrX	68511381	68761779	-0.230977	2	15.1196	0.993792	2.97177	3
Srpk3	chrX	68511381	68761779	-0.230977	2	15.1196	0.993792	2.97177	3
Idh3g	chrX	68511381	68761779	-0.230977	2	15.1196	0.993792	2.97177	3
Ssr4	chrX	68511381	68761779	-0.230977	2	15.1196	0.993792	2.97177	3
Pdzd4	chrX	68511381	68761779	-0.230977	2	15.1196	0.993792	2.97177	3
Gm14817	chrX	68511381	68761779	-0.230977	2	15.1196	0.993792	2.97177	3
Gm23615	chrX	68511381	68761779	-0.230977	2	15.1196	0.993792	2.97177	3
L1cam	chrX	68607988	68874017	-0.229044	2	12.5342	0.912282	2.95108	3
Arhgap4	chrX	68607988	68874017	-0.229044	2	12.5342	0.912282	2.95108	3
Avpr2	chrX	68607988	68874017	-0.229044	2	12.5342	0.912282	2.95108	3
Naa10	chrX	68607988	68874017	-0.229044	2	12.5342	0.912282	2.95108	3
Renbp	chrX	68607988	68874017	-0.229044	2	12.5342	0.912282	2.95108	3
Hcfc1	chrX	68607988	68874017	-0.229044	2	12.5342	0.912282	2.95108	3
Xlr4b	chrX	69552757	69562906	0.60428	4	15.963	0.879297	3.2136	4
Xlr4a	chrX	69552757	69562906	0.60428	4	15.963	0.879297	3.2136	4
Xlr4c	chrX	69552757	69562906	0.60428	4	15.963	0.879297	3.2136	4
F8	chrX	70016534	70275181	0.39375	4	18.2983	0.892168	6.62317	8
Brcc3	chrX	70274722	70319059	0.334385	3	16.6272	0.949567	2.60898	3
Gm15385	chrX	70318185	70342551	0.678601	4	20.3539	0.642365	2.71067	3
Pls3	chrX	70637452	70738054	-0.324049	2	8.88597	0.883774	3.89294	4
Gm14712	chrX	71121915	71180603	-0.245799	2	11.3618	0.964273	2.95072	3
Gm14752	chrX	73197645	73215312	0.286852	1	13.019	0.935964	2.83228	3
Prrg1	chrX	73277357	73423054	-0.433668	1	7.54113	0.97338	2.71783	3
Dmd	chrX	77968679	80233157	0.338551	3	13.015	0.949421	47.1672	52
Gk	chrX	80705760	80828566	0.85541	6	24.461	0.964676	1.76047	3
Mageb4	chrX	81248413	81304907	-0.455099	1	8.60581	0.436352	2.88931	3
Il1rapl1	chrX	81755151	83207786	0.367848	4	13.8214	0.348956	33.0112	36
Mageb2	chrX	86406484	86426551	-0.37369	1	10.9963	0.569478	2.89185	3
Zc3h12b	chrX	90893275	91085280	0.2193	1	16.6732	0.965493	3.47579	4
Eda2r	chrX	92466988	92602140	-0.267471	1	9.11249	0.99127	2.93139	3
Eda	chrX	95100399	95690138	0.224882	3	13.0915	0.927466	5.23687	6
Tex11	chrX	95690211	96212481	0.498045	2	15.2542	0.471385	3.6131	4
Taf1	chrX	96622459	96824654	-0.258487	2	10.2271	0.809276	3.86914	4
Cited1	chrX	97370796	97685166	-0.221409	2	14.0102	0.915226	2.97066	3
Gm14858	chrX	97370796	97702139	-0.236435	2	13.1439	0.915226	4.94802	5
MGP_FVBNJ_G0009252	chrX	97370796	97685166	-0.221409	2	14.0102	0.915226	2.97066	3
Hdac8	chrX	97370796	97702139	-0.236435	2	13.1439	0.915226	4.94802	5
Phka1	chrX	97461986	97806755	-0.23093	2	11.6532	0.996162	6.73687	7
Gm9126	chrX	97851358	97945086	0.376392	0	11.7158	0.916983	9.16528	11
Gm9119	chrX	97851358	97945086	0.376392	0	11.7158	0.916983	9.16528	11
Gm19200	chrX	98368644	98423975	-0.257788	2	11.7979	0.891177	2.91838	3
Gm14822	chrX	99903751	99929922	0.387925	4	17.563	0.892717	2.66572	3
Pgk1	chrX	101310552	101399673	-0.262445	2	9.66277	0.957318	2.87193	3
Gm6325	chrX	101607487	101706944	-0.313193	1	9.07005	0.967357	5.58106	6
Fndc3c1	chrX	101624143	101735948	-0.234314	1	9.92787	0.871719	3.67093	4
Gm5127	chrX	101910755	102019123	0.300502	5	14.8508	0.987354	2.44327	3
Tent5d	chrX	103086602	103214274	0.374074	3	12.3245	0.711993	6.65402	7
Gm14849	chrX	103319651	103393800	-0.490109	1	10.4175	0.530639	2.8557	3
Gm10184	chrX	105149787	105264047	-0.297832	2	11.4205	0.881204	2.91298	3
Gm4991	chrX	105149787	105264047	-0.297832	2	11.4205	0.881204	2.91298	3
Hdx	chrX	106715001	106831878	0.5772	3	16.107	0.852845	2.79011	3
Zfp711	chrX	107741802	107810220	0.270755	2	12.5305	0.987354	3.85951	4
Pof1b	chrX	107778616	107883006	0.52005	3	14.8031	0.871393	5.54032	6
Klhl4	chrX	109687611	109792580	0.490037	3	11.6379	0.895877	2.81687	3
Ube2dnl1	chrX	110064291	110175701	-0.293105	1	10.4544	0.689276	2.9551	3
Ube2dnl2	chrX	110064291	110175701	-0.293105	1	10.4544	0.689276	2.9551	3
4930555B12Rik	chrX	110064291	110175701	-0.293105	1	10.4544	0.689276	2.9551	3
Pcdh11x	chrX	115421029	116142130	0.246284	1	11.5729	0.953303	30.5757	33
Gm382	chrX	122198313	122323157	-0.22207	6	12.3061	0.967357	2.01908	3
Mdm4-ps	chrX	123458097	123469817	0.658375	3	22.6111	0.329832	4.7467	5
Diaph2	chrX	125055685	125738100	0.335143	3	14.0647	0.930614	9.44339	10
Timm8a1	chrX	129764936	129844038	-0.250918	2	11.8211	0.691641	2.96624	3
Btk	chrX	129764936	129844038	-0.250918	2	11.8211	0.691641	2.96624	3
Gm15154	chrX	129764936	129844038	-0.250918	2	11.8211	0.691641	2.96624	3
Rpl36a	chrX	129764936	129844038	-0.250918	2	11.8211	0.691641	2.96624	3
Gm6215	chrX	130668186	130673762	-0.942802	1	4.56868	0.949567	3.31993	4
Gm7905	chrX	130668186	130673762	-0.942802	1	4.56868	0.949567	3.31993	4
Kir3dl2	chrX	131649453	131839045	0.273221	5	13.3075	0.776165	8.06611	10
Tmsb15l	chrX	132295169	132435111	-0.463477	1	7.91503	0.978044	4.63632	5
Tmsb15b1	chrX	132299078	132435111	-0.331178	1	8.65817	0.774438	2.78076	3
Mid2	chrX	135903301	136081507	0.327864	2	15.7423	0.865734	5.5859	6
Col4a6	chrX	136345661	136728941	0.321129	2	14.5594	0.67955	2.80855	3
Col4a5	chrX	136728205	136885503	0.383597	4	12.7757	0.91466	4.47775	5
Chrdl1	chrX	138422005	139113034	-0.244404	2	9.3544	0.822124	4.86349	5
Trpc5os	chrX	139522868	139760686	-0.225723	2	10.908	0.998129	3.94289	4
Rtl4	chrX	139893796	140299465	-0.319617	2	9.1158	0.883774	8.51891	9
Htr2c	chrX	142105422	142450431	0.433824	1	13.9051	0.688112	11.4315	12
Tmem29	chrX	145575999	145696713	-0.237429	2	9.72729	0.98229	2.95454	3
A230072E10Rik	chrX	146414942	146647332	-0.223998	2	9.74661	0.977095	2.95217	3
Fam120c	chrX	146497650	146688823	-0.235775	1	11.5932	0.869758	2.95684	3
Gm5396	chrX	148281042	148511707	-0.229503	2	13.3886	0.936196	2.96454	3
Foxr2	chrX	148281042	148511707	-0.229503	2	13.3886	0.936196	2.96454	3
Rragb	chrX	148281042	148511707	-0.229503	2	13.3886	0.936196	2.96454	3
Gm8577	chrX	149999861	150160988	-0.321811	1	9.92967	0.929925	4.80687	5
Gm15172	chrX	152604046	152791401	-0.237532	2	11.8539	0.870912	2.94518	3
Gm1947	chrX	152604046	152791401	-0.237532	2	11.8539	0.870912	2.94518	3
Gm24281	chrX	152604046	152791401	-0.237532	2	11.8539	0.870912	2.94518	3
Sms	chrX	152604046	152791401	-0.237532	2	11.8539	0.870912	2.94518	3
Gm15169	chrX	153018511	153142156	0.337402	2	15.5523	0.838302	2.81745	3
Cnksr2	chrX	153141895	153492838	0.475616	4	13.938	0.808042	10.3059	11
Map7d2	chrX	154741779	154893637	0.447713	3	13.6265	0.887151	2.82481	3
Map3k15	chrX	155266369	155427127	0.683831	3	18.92	0.919743	3.44245	4
Adgrg2	chrX	155748304	156324781	0.400988	3	15.0906	0.950514	2.81492	3
Scml2	chrX	156507764	156586399	0.401143	4	12.8113	0.68592	2.79699	3
MGP_FVBNJ_G0009838	chrX	157558484	157653391	-0.237839	2	11.5552	0.788927	2.96496	3
Ctps2	chrX	158171682	158451270	-0.221003	1	9.9315	0.983948	3.92162	4
Frmpd4	chrX	162943715	164198899	0.21217	7	12.0085	0.916983	6.73542	8
Arhgap6	chrX	164170754	164621540	0.341214	2	12.6844	0.920999	3.71119	4
