gene	chromosome	start	end	log2	cn	depth	p_bintest	weight	probes
Dnah7c	chr1	42823007	43398067	0.841806	3	47.28	0.870338	3.75627	4
Pms1	chr1	49747985	50055691	0.401895	3	54.2763	0.748413	2.92569	3
Ccdc150	chr1	50340478	51126681	0.289874	3	47.7097	4.96789e-05	3.96977	4
Pgap1	chr1	50997180	51291923	0.284239	3	48.1245	0.121758	2.97637	3
Ankrd44	chr1	51196179	51787909	0.283426	3	49.8391	0.269218	2.97598	3
4930444A19Rik	chr1	51196179	51787909	0.283426	3	49.8391	0.269218	2.97598	3
Rftn2	chr1	51710015	52160509	0.307974	3	49.2733	0.466628	2.96733	3
Plcl1	chr1	51968515	52447034	0.291351	3	47.6332	0.269218	2.98218	3
1700066M21Rik	chr1	53878940	54062732	0.559619	3	57.9001	5.72492e-06	2.97792	3
Spats2l	chr1	54068280	54758505	-0.226755	3	36.3249	1.18278e-14	2.98837	3
Kctd18	chr1	54356463	54775244	-0.597153	1	26.601	2.94565e-16	2.97975	3
Aox3	chr1	54543428	54806169	-0.612541	1	26.4712	1.79297e-20	2.97465	3
Aox4	chr1	54758874	54896971	-0.620721	1	26.4863	0.000180311	3.9537	4
Aox2	chr1	54806644	54982325	-0.637656	1	25.9167	4.27815e-19	3.9476	4
Als2	chr1	55573021	56374952	0.208364	3	77.8205	0.545966	2.9866	3
Cdk15	chr1	55824713	56377620	0.287639	2	81.9642	0.346927	2.95836	3
Bmpr2	chr1	56378116	56638716	0.245125	2	77.8286	0.798904	2.97733	3
Fam117b	chr1	56451265	56954067	0.256966	3	78.0987	0.149772	2.97504	3
Pard3b	chr1	58164220	60402208	-0.781707	1	33.358	0.735361	4.796	5
Macir	chr1	94021351	99821541	-0.368685	2	18.5138	0.615482	2.93776	3
Cd46	chr1	190656590	190802820	1.15052	5	68.4886	3.21858e-25	3.85816	4
Cr1l	chr1	190786931	190982667	1.09048	5	69.5398	3.86201e-05	2.72222	3
Ptprt	chr2	157227074	158916726	0.230625	2	54.7349	0.0528274	5.9613	6
Kirrel	chr3	81963445	82174801	0.485703	3	38.8091	1.19122e-08	2.97036	3
Alg14	chr3	116116184	122811987	-0.394633	1	23.8215	0.502295	2.96667	3
Astn2	chr4	61906203	62432988	-0.203347	2	21.0845	0.176332	2.98521	3
Tlr4	chr4	62587404	64174982	-0.341757	1	18.4789	0.0381394	2.94072	3
Brinp1	chr4	64509357	65255328	-0.233169	2	18.1214	0.733287	2.98277	3
Draxin	chr4	144494467	145151003	-0.222284	2	22.6992	0.0134104	2.98653	3
Gm42933	chr5	98695936	99072781	0.244675	2	41.4062	0.452954	2.97597	3
Sdk1	chr5	139798723	140245235	0.252543	3	47.4248	0.295442	2.97879	3
Mmd2	chr5	140245245	140746713	0.231066	3	48.6346	0.119429	2.98486	3
Wipi2	chr5	140468963	141090736	0.243523	3	49.3918	0.237111	2.98133	3
Ctnna2	chr6	73344367	75649060	-0.310549	2	25.7322	0.832119	2.96191	3
Mef2a	chr7	65882632	67192502	-0.272325	1	29.7431	0.0255333	2.98957	3
Gatad2a	chr8	65984237	67044371	-0.230528	2	23.1701	0.53817	2.98151	3
Ddx10	chr9	49451895	50309507	-0.209418	2	16.9975	0.319951	2.98936	3
Exph5	chr9	49631321	50550093	-0.219391	2	16.7599	0.444809	2.98483	3
Gldnos	chr9	50556676	51257313	-0.204241	2	17.71	0.748413	2.98529	3
Gldn	chr9	50556676	51257313	-0.204241	2	17.71	0.748413	2.98529	3
Hykk	chr9	51277250	53650446	-0.24394	2	20.1835	0.653777	2.98929	3
Trav7-4	chr14	45154632	45531666	0.620387	4	33.0305	0.748413	4.70928	5
Trav6-3	chr14	45154632	45687559	0.617457	4	31.1148	0.748413	5.65456	6
Trav13d-1	chr14	45530597	45894785	0.516914	3	28.2942	0.848522	2.87095	3
Lrch1	chr14	66771039	69263319	-0.454238	2	18.9392	0.409494	2.87918	3
Cacng2	chr15	73792282	78525865	-0.508758	2	28.3212	0.180976	2.44147	3
0	chr16	52307010	55839172	-0.233823	1	11.0117	8.26673e-08	8.91331	9
Sod2	chr17	10269185	14458341	-0.867609	1	20.2289	0.554341	2.45223	3
Srbd1	chr17	84241147	84563473	-0.242065	2	13.6138	0.124964	2.97791	3
Prkce	chr17	84542838	85480237	-0.264047	1	13.7331	0.587877	3.97914	4
Stpg4	chr17	85490156	86077575	-0.24216	1	13.7824	0.00670077	2.98182	3
Gm28676	chr17	85807309	86272336	-0.233185	2	13.6366	0.428307	2.97866	3
Foxn2	chr17	86754633	87120501	-0.23677	2	13.2209	0.918691	2.98048	3
Ston1	chr17	86932874	87306431	-0.247616	1	13.2065	0.0534912	2.98055	3
Kdm2a	chr19	1162338	2910480	0.323116	3	37.5891	0.0216572	2.94853	3
Prkg1	chr19	27512992	30001868	0.623065	3	36.1111	0.00636265	2.88	3
Gm20455	chrX	68024171	69644379	-0.672215	0	13.567	0.154263	4.62725	6
Cfap47	chrX	74159636	75227925	0.760853	4	25.436	1.6246e-12	2.85223	3
Il1rapl1	chrX	81692618	83292867	-0.549025	2	11.1325	0.644726	4.72681	5
Eda	chrX	95104020	96832203	0.608049	4	21.5216	0.361633	2.85404	3
Slc16a2	chrX	98821467	99571334	-0.22186	2	15.2925	0.358161	2.98143	3
Kir3dl2	chrX	131721753	132241711	-0.821491	4	10.5707	0.684392	2.60702	3
Il1rapl2	chrX	133295046	136008524	0.488405	2	17.7715	0.365338	2.79896	3
Gm15155	chrX	151294625	152087889	0.980638	4	20.4737	0.322991	2.64155	3
Frmpd4	chrX	162888496	163965687	-0.222161	2	12.2958	0.664837	2.97606	3
