gene	chromosome	start	end	log2	cn	depth	p_bintest	weight	probes
Gm37988	chr1	1874219	1987495	-0.270463	1	19.9281	0.978568	2.51039	3
Tcea1	chr1	1874219	1987495	-0.270463	1	19.9281	0.978568	2.51039	3
1700034P13Rik	chr1	6613070	6710104	-0.217568	2	21.5125	0.980131	2.84063	3
Sgk3	chr1	6632402	6917290	-0.215391	2	21.9367	0.824302	3.83455	4
Cpa6	chr1	6979118	7737752	0.217663	2	27.5947	0.986602	6.42838	7
Tfap2d	chr1	15884718	15924946	0.249134	4	22.4969	0.559801	2.78244	3
Npas2	chr1	35438951	36038986	-0.254462	1	23.4134	0.000128035	2.97658	3
Gulp1	chr1	41212227	41289345	0.437209	3	21.8378	0.727142	2.71287	3
Dnah7c	chr1	42663148	43262684	0.222766	3	25.5164	0.84223	23.8359	31
C230029F24Rik	chr1	45757476	46196152	0.277985	2	29.6064	0.980131	1.80205	3
Pms1	chr1	49744133	49939343	-0.449761	1	22.1727	0.612318	3.1181	4
Gtf3c3	chr1	50977018	51127680	0.261111	3	36.9212	0.975867	2.82397	3
Pgap1	chr1	51126691	51189282	0.230043	3	38.4474	0.893769	2.83663	3
Plcl1	chr1	51968515	52664536	0.215659	2	35.2138	0.832525	3.72141	4
Gm18802	chr1	55197757	55319427	0.235428	3	26.8522	0.993915	12.4177	14
Gm28803	chr1	55316623	55319427	0.463938	3	29.1123	0.937759	2.46515	3
Wdr12	chr1	56710482	56965891	0.340257	3	32.2289	0.93338	2.39951	3
Erbb4	chr1	64620192	66067614	0.207136	2	22.6817	0.895352	11.6389	12
Ikzf2	chr1	65609444	66382438	0.284447	2	24.9115	0.962221	2.90423	3
Acsl3	chr1	75095841	75214176	0.342968	2	30.5567	0.896064	3.72178	4
Utp14b	chr1	75095841	75212452	0.318363	2	28.2367	0.896064	2.91758	3
Col4a3	chr1	78915610	79275387	-0.240327	2	20.1773	0.637762	3.77621	4
Trip12	chr1	81024417	81292747	-0.276564	2	19.5112	0.5582	2.81961	3
Ugt1a5	chr1	84648639	84673018	0.225173	4	33.6349	0.955427	2.11654	3
Ugt1a2	chr1	84648639	84673018	0.225173	4	33.6349	0.955427	2.11654	3
Gal3st2b	chr1	90000737	90519184	-0.275557	2	18.5866	0.787368	10.9496	12
Gal3st2	chr1	90393295	90651430	-0.311641	1	18.0039	0.885812	7.41707	8
Gm18666	chr1	90517861	90535133	-0.372599	1	16.5311	0.782999	3.61119	4
Gm7133	chr1	93647979	93934905	-0.239118	2	17.5176	0.999658	3.8847	4
Cntnap5b	chr1	96207979	97007588	-0.245166	1	18.884	0.25295	9.81042	10
Gm53054	chr1	98868658	99173669	-0.211114	2	19.1194	0.320495	2.97791	3
Rnf152	chr1	101627180	101820660	-0.207758	2	21.5696	0.473929	2.96357	3
Tnfrsf11a	chr1	102131764	103210947	-0.234158	2	21.7764	0.829739	2.93606	3
Serpinb3a	chr1	103439334	103727018	0.266041	3	26.4958	0.95247	6.89401	8
Cdh19	chr1	107083772	107257131	0.307815	3	19.8694	0.684984	2.90068	3
9330185C12Rik	chr1	110104124	110258810	-0.237817	2	20.129	0.693792	2.96788	3
Cntnap5a	chr1	111770140	112812144	-0.280828	2	18.4899	0.970044	9.70925	10
Clasp1	chr1	114382600	114744071	-0.21786	2	20.461	0.258444	2.90023	3
Mgat5	chr1	123018829	123797787	-0.210572	2	23.0918	0.295589	2.98214	3
Cd55b	chr1	126478538	126579147	0.293006	3	33.7241	0.957412	2.96246	4
Cd55	chr1	126478538	126579147	0.293006	3	33.7241	0.957412	2.96246	4
Cntn2	chr1	128187310	129046031	-0.235511	2	23.6033	0.191337	2.98659	3
Zc3h11a	chr1	129713506	130046350	0.4669	4	36.4535	0.756574	2.95585	4
Chit1	chr1	130046375	130459680	-0.294969	2	22.67	0.0990075	2.81718	3
Tmem183a	chr1	130225681	130861367	-0.265569	1	22.842	0.0050763	3.80956	4
Platr22	chr1	132742545	132924686	-0.212125	2	21.4683	0.305022	2.94996	3
Gm5834	chr1	136088168	136250079	0.530841	4	22.5038	0.950103	2.45234	3
Lamc2	chr1	148922133	149235206	0.2551	2	33.4728	0.980987	2.08867	3
Lamc1	chr1	149234317	149337887	0.311603	3	30.5849	0.99317	2.34674	3
Lhx4	chr1	151471352	152007413	-0.315199	2	18.6412	0.980131	2.27642	3
Fam163a	chr1	152006506	152232534	-0.234138	1	21.2115	0.892896	2.88679	3
Soat1	chr1	152326041	153068277	-0.289137	1	20.4309	0.906718	2.67153	3
Brinp2	chr1	154009881	154573481	-0.201669	2	20.9335	0.455393	2.98196	3
Astn1	chr1	154208505	154727577	-0.209281	2	20.434	0.0975501	2.97404	3
Lmx1a	chr1	163369934	163815965	-0.216491	1	21.4977	0.2102	2.96424	3
Fcgr3	chr1	166682002	167123973	-0.28894	2	21.107	0.79089	2.46824	3
Crp	chr1	168097193	168603913	-0.293024	2	19.1884	0.12608	2.79751	3
Gm18445	chr1	169577443	169778409	-0.335107	2	15.518	0.76088	9.12205	11
Ifi203	chr1	169694004	169724360	-0.355852	1	14.9017	0.994076	2.27714	3
Ifi211	chr1	169777774	169862984	-0.280624	1	16.9863	0.950103	2.76362	3
Ifi205	chr1	169777774	169862984	-0.280624	1	16.9863	0.950103	2.76362	3
Rgs7	chr1	171029433	171625602	-0.224588	1	18.9199	0.979881	2.85025	3
Adss	chr1	173414979	173534247	-0.225804	2	20.439	0.559918	3.80975	4
Gm16585	chr1	173414979	173534247	-0.225804	2	20.439	0.559918	3.80975	4
Kif26b	chr1	174159138	175329165	-0.226669	2	20.9918	0.455814	2.89656	3
Tfb2m	chr1	175328474	175455117	-0.203135	1	20.8798	0.924333	2.87503	3
Gm1818	chr1	175328474	175455117	-0.203135	1	20.8798	0.924333	2.87503	3
Cd46	chr1	190656590	190802820	0.276164	3	63.1229	0.602581	3.83428	4
Celf2	chr2	3765079	4956698	0.481771	3	36.9175	0.956873	7.21738	8
Pfkfb3	chr2	8283808	8555649	-0.218924	2	29.0049	0.67902	3.79205	4
Itga8	chr2	9048282	9662049	0.228607	3	34.1633	0.937759	2.70655	3
Armc3	chr2	15890948	16240636	-0.219366	2	29.782	0.368551	2.98022	3
Cel	chr2	25062366	25558314	-0.232366	2	32.0397	0.454591	2.9249	3
Ddx31	chr2	25556772	25752937	-0.204851	2	31.8859	0.987172	2.91897	3
Set	chr2	26748842	27000110	-0.234648	0	33.2039	0.871219	2.12803	3
Nup214	chr2	28605663	28823176	-0.360719	2	27.5097	0.124624	2.90663	4
Fam78a	chr2	28605663	29035814	-0.29296	2	30.3061	0.124624	4.89187	6
Gm16534	chr2	28605663	29035814	-0.29296	2	30.3061	0.124624	4.89187	6
Gm13599	chr2	63546320	63725813	0.215106	2	27.0426	0.711066	3.7151	4
Lrp2	chr2	65709148	66030907	-0.223678	2	29.1681	0.715446	2.89828	3
Chn1	chr2	69677664	70181493	0.212908	2	35.163	0.86861	4.77051	5
2600014E21Rik	chr2	71139997	72187429	0.260529	2	29.3643	0.992967	2.75942	3
Nckap1	chr2	76850269	77074974	-0.255352	1	12.0524	0.889287	3.8877	4
Itgav	chr2	79942763	80333426	-0.266184	1	13.7047	0.22183	3.93006	4
Gm28635	chr2	80834695	81087133	-0.644776	1	16.9729	0.824677	2.67517	3
Btbd18	chr2	80834695	81087133	-0.644776	1	16.9729	0.824677	2.67517	3
P2rx3	chr2	81088848	81346189	-0.212071	2	23.0704	0.4462	2.97317	3
Ptprj	chr2	86717703	87170696	-0.213748	1	19.1946	0.778083	5.48496	6
Gm13767	chr2	86717703	87170696	-0.213748	1	19.1946	0.778083	5.48496	6
Slc39a13	chr2	87266357	87458115	-0.213915	2	22.1789	0.954154	2.88609	3
Api5	chr2	90558886	90865571	-0.255661	2	20.7955	0.650959	2.90277	3
Trim44	chr2	98372865	99059834	0.285977	3	31.3212	6.43847e-06	2.98225	3
4931422A03Rik	chr2	100117427	100283262	-0.242318	1	21.2722	0.253645	2.95117	3
Fbxo3	chr2	100117427	100283262	-0.242318	1	21.2722	0.253645	2.95117	3
Mettl15	chr2	105261613	105469493	0.317394	3	24.7499	0.941033	2.58074	3
Gm15130	chr2	107083543	107367021	0.404293	3	24.875	0.823717	2.81635	3
Gm13930	chr2	107830481	107903329	-0.237656	2	17.7039	0.902218	2.21737	3
Chp1	chr2	115441749	115614669	0.241523	2	30.614	0.934953	2.41274	3
Ganc	chr2	116293303	116552120	0.263208	2	30.6622	0.994214	2.92168	3
Cdan1	chr2	116552130	117421049	-0.760322	1	14.3642	4.0661e-06	2.93216	3
Ttbk2	chr2	116552130	117421049	-0.760322	1	14.3642	4.0661e-06	2.93216	3
Catsper2	chr2	117421345	117455148	-1.06435	1	10.7222	0.000411176	2.76734	3
Pdia3	chr2	117426450	117553725	-0.620745	1	14.8716	1.26771e-10	4.65665	5
Galk2	chr2	121991089	122170563	0.286325	3	25.2914	0.945503	2.82434	3
Slx4ip	chr2	132974775	133309459	0.308014	3	21.4008	0.876861	2.73867	3
Gm14064	chr2	133781658	134072873	0.355049	3	25.5848	0.57468	3.68389	4
Btbd3	chr2	134285846	134779530	0.286042	2	23.8111	0.998618	2.76295	3
Gm14066	chr2	135263848	135794917	0.490716	5	29.4085	0.769426	4.82665	6
Macrod2	chr2	136342224	138428822	0.200455	2	25.7598	0.980131	4.82828	5
Gm14142	chr2	146841985	146946357	-0.251466	2	21.274	0.970469	2.89855	3
Mylk2	chr2	148807289	149391964	-0.230904	2	30.7581	0.818118	2.84633	3
Asxl1	chr2	149391023	149612087	-0.284351	1	27.9868	0.989241	2.5259	3
Rbl1	chr2	153070731	153332527	0.233807	2	42.2101	0.60409	2.75732	3
Mroh8	chr2	153331672	153617454	0.314049	3	49.2342	0.648659	2.63208	3
Dhx35	chr2	154880565	155378280	-0.246706	1	33.0543	0.39543	2.97725	3
Zfp831	chr2	170991454	171439023	-0.245826	1	47.4765	0.0221145	2.98313	3
Cables2	chr2	176802365	177779142	-0.260627	1	47.3824	0.871013	2.84665	3
Gm16685	chr3	4199247	4288759	0.303125	2	34.4756	0.915043	2.79872	3
Gm5843	chr3	11212014	11265602	0.38531	3	29.6695	0.980131	3.47272	4
Sirpb1b	chr3	11824661	12330866	-0.341335	1	22.0601	0.967822	17.2086	21
Dnajc5b	chr3	15898661	16335081	-0.209952	2	29.3808	0.789477	2.83769	3
1700112D23Rik	chr3	24801123	25052984	0.204954	2	36.8116	0.978568	2.81659	3
Egfem1	chr3	25239375	26705701	-0.277615	1	32.6622	5.36513e-05	8.8684	9
Mfsd8	chr3	36559769	36775129	0.270575	2	39.2322	0.964734	5.02139	6
Abhd18	chr3	36732540	37668610	0.206547	3	38.094	0.978819	7.00427	8
4930593A02Rik	chr3	53747261	54498141	-0.253513	2	29.0685	0.176107	2.65752	3
Vmn2r7	chr3	59663947	59754742	0.251223	4	30.2586	0.113608	2.67969	3
Vmn2r4	chr3	59663947	59754742	0.251223	4	30.2586	0.113608	2.67969	3
Vmn2r3	chr3	59663947	59754742	0.251223	4	30.2586	0.113608	2.67969	3
Iqcj	chr3	63030825	63847278	-0.256925	1	29.2755	0.174278	3.88399	4
Iqschfp	chr3	63030825	64172946	-0.223782	1	31.2439	0.174278	5.86602	6
Rapgef2	chr3	74056120	74645921	-0.226853	1	31.1984	0.684984	4.81329	5
Gm42468	chr3	75908187	76240853	0.264548	2	38.2922	0.902218	2.8058	3
Kirrel	chr3	81963445	82174801	0.58743	3	41.6401	0.00266199	3.81212	4
5830417I10Rik	chr3	83505616	83777822	-0.208976	2	21.5996	0.968154	3.61105	6
Pklr	chr3	84006491	84448542	-0.217545	1	24.0829	0.229948	3.93663	4
Gm9774	chr3	87444898	87580062	0.258229	3	24.8138	0.803871	2.82052	3
Gm37245	chr3	88301114	88480873	0.21291	2	28.6166	0.848614	2.7832	3
S100a11	chr3	88497799	88626068	-0.433345	2	18.867	0.81999	2.64206	3
Snx27	chr3	89338897	89682610	-0.424352	2	19.4733	0.264357	2.71091	3
Tuft1	chr3	89555914	89688940	-0.501128	2	16.7955	0.9975	2.64967	3
Gm9207	chr3	91564088	91798972	-0.398089	1	20.0768	0.610966	2.76661	3
Pde4dip	chr3	92558446	93377023	-0.317079	2	21.278	0.506752	4.82897	5
Zfp697	chr3	93453663	93548321	-0.257002	2	20.5346	0.784157	2.67691	3
Hsd3b1	chr3	93945752	94110792	-0.230934	2	20.6694	0.774564	2.9346	3
Gdap2	chr3	95006673	95817099	-0.210619	2	22.0098	0.27046	3.84506	4
Ampd1	chr3	98207855	98345424	-0.271453	1	20.5361	0.875712	2.82159	3
Gm43063	chr3	98207855	98345424	-0.271453	1	20.5361	0.875712	2.82159	3
Capza1	chr3	99938844	99996529	0.227146	4	30.3425	0.934953	2.59309	3
Ddx20	chr3	100467618	101151359	-0.203944	1	22.9303	0.001051	2.96344	3
Henmt1	chr3	103947761	104173093	-0.226667	2	20.098	0.957412	2.80016	3
Plppr5	chr3	112490526	112813879	0.457078	3	28.5263	0.992967	2.60745	3
Alg14	chr3	116116184	116679093	-0.357506	1	26.9038	0.36666	2.96688	3
Ndst4	chr3	120395635	120988860	0.389409	3	33.7028	0.959111	4.43506	5
Alpk1	chr3	122378487	122812540	-0.398302	2	25.1567	0.97782	3.86175	4
Sgms2	chr3	126171924	126669111	-0.215371	3	29.7791	0.960626	2.93719	3
Gm26820	chr3	129178265	129544217	0.248876	2	21.1527	0.829148	3.83559	4
Gm31243	chr3	130534209	130978320	-0.229441	2	20.255	0.621346	3.61028	4
Emcn	chr3	131903577	132088742	0.21143	2	24.0556	0.84223	2.91701	3
Adh4	chr3	133025284	133121008	0.311978	2	29.5768	0.961285	3.72368	4
Gbp2b	chr3	137185592	137289444	-0.240077	1	21.5063	0.486343	2.95799	3
Mcoln2	chr3	140770792	141057681	-0.272015	2	20.9984	0.875395	2.81845	3
Ak5	chr3	147128406	148290320	-0.210666	2	22.7209	0.828419	6.85735	7
Pigk	chr3	147249086	148601464	-0.29121	2	22.7885	0.460121	2.98046	3
St6galnac3	chr3	147474576	148642909	-0.29017	1	22.4553	4.65036e-07	2.97692	3
Acadm	chr3	148291012	148650190	-0.233911	1	22.8408	0.0556165	2.95205	3
Slc44a5	chr3	148658609	149030418	-0.219902	2	21.4971	0.917418	2.95099	3
Lrriq3	chr3	149695245	150313466	-0.225485	2	20.9913	0.133532	2.98447	3
Negr1	chr3	151147749	152121929	-0.232614	1	20.3998	0.0559721	7.88123	8
Depdc1a	chr3	154094688	154208112	0.401955	3	33.9761	0.973828	2.6094	3
Car8	chr4	4469660	4754452	0.30692	2	26.5721	0.975867	3.50072	4
Tmem67	chr4	8080086	8336357	-0.29071	2	18.5875	0.599964	2.80536	3
Cibar1	chr4	8404273	8574571	0.203001	3	23.2199	0.710294	3.7807	4
Gm11823	chr4	10084981	10313478	-0.256779	1	19.0078	0.720205	3.92624	4
Lrrc69	chr4	10786072	11362767	-0.212264	2	20.2038	0.741978	5.8492	6
A530072M11Rik	chr4	12025029	12467424	-0.22494	2	20.4167	0.42246	2.96906	3
Faxc	chr4	17697733	18302283	-0.225323	2	21.4449	0.949691	4.77923	5
Klhl32	chr4	20490016	21393806	0.318193	2	31.9767	0.959351	3.17302	4
Gm12381	chr4	34189673	34612617	-0.22441	2	17.8494	0.613269	2.94418	3
Gm17094	chr4	35115691	35427868	-0.23056	2	19.3623	0.803871	2.96299	3
Vcp	chr4	38681138	39032603	-0.297489	2	20.0093	0.728428	2.79198	3
Unc13b	chr4	38770007	39207579	-0.300787	2	19.1713	0.975867	3.68795	4
Gm12678	chr4	40731857	40887851	-0.413479	1	20.2506	0.693853	2.67596	3
Stra6l	chr4	41197178	42001035	-0.223507	1	23.1686	0.00495915	2.98249	3
Whrn	chr4	59235513	59452612	-0.22414	1	23.7212	0.2375	3.94103	4
Tlr4	chr4	62587404	63094689	-0.216551	2	10.7159	0.247673	2.97322	3
Frmd3	chr4	69577217	69993639	-0.214596	2	21.2194	0.20315	2.9805	3
Nfib	chr4	77710026	78277368	0.218638	2	27.5304	0.98485	2.90437	3
Saxo1	chr4	81749757	82104880	0.301472	2	26.7616	0.954906	4.47563	5
Cyp2j7	chr4	91573654	91674668	0.295161	2	29.633	0.947723	2.366	3
Cyp2j11	chr4	91673745	91780272	0.216307	4	29.5618	0.978357	3.25495	4
Dab1	chr4	98913387	100639618	-0.209703	1	21.9012	0.413982	10.8786	11
Pramel21	chr4	99616059	100330461	-0.237033	2	21.9311	0.298141	2.9725	3
Yipf1	chr4	102513549	102989269	-0.21755	2	24.2532	0.755209	2.9722	3
Zfyve9	chr4	103815505	104120980	0.221381	2	28.3124	0.960045	4.57162	5
Slc5a9	chr4	107103438	107355713	-0.274703	2	18.7599	0.591914	2.71424	3
Trabd2b	chr4	109759297	110335027	-0.239581	2	22.771	0.380563	2.98496	3
Cyp4b1	chr4	111193486	111329921	-0.238051	1	20.934	0.935804	2.82738	3
Cyp4b1-ps1	chr4	111193486	111329921	-0.238051	1	20.934	0.935804	2.82738	3
Prdx1	chr4	112215187	112241616	0.27568	2	36.1641	0.976445	2.68276	3
Gm12828	chr4	112704411	113024500	0.206708	2	36.5733	0.590317	3.81657	4
Pabpc4	chr4	118795404	119013004	-0.230504	2	29.3405	0.907946	2.89105	3
1700057H15Rik	chr4	119763484	120770877	-0.208201	2	29.5423	0.616296	3.86729	4
37834	chr4	122158716	122417924	0.313983	3	37.1992	0.566594	2.87389	3
Zmym4	chr4	122611543	122764728	0.314411	3	36.4279	0.682284	4.83072	5
Csmd2	chr4	123589276	124832964	-0.214166	2	30.7363	0.693792	7.91366	8
Rnf19b	chr4	124926569	125219158	0.236902	3	37.8965	0.93338	2.50866	3
Oprd1	chr4	127950188	128350207	0.259671	3	39.4551	0.97818	2.42036	3
Srsf10	chr4	131827686	132032672	0.266695	3	31.1448	0.617128	2.87797	3
Gm13010	chr4	133491547	134345599	0.210492	3	36.4693	0.816987	4.62563	5
Zfp978	chr4	143025925	143225051	-0.229573	1	23.1116	0.91261	10.4039	14
Mfn2	chr4	144493907	144788431	-0.37318	0	27.6806	0.650959	2.65284	3
Prkcz	chr4	152130539	152650262	0.445933	3	45.5943	0.881506	2.37036	3
Atad3aos	chr4	152649932	152812226	0.203796	4	41.7611	0.968154	2.49194	3
Cdk6	chr5	173571	553913	0.329398	2	43.0029	0.991614	3.9443	5
Ankib1	chr5	553531	659338	0.296427	4	37.512	0.612737	2.80684	3
Gm5106	chr5	5478060	5566875	-0.225063	2	29.6098	0.93338	2.94288	3
Elapor2	chr5	5968175	6392626	-0.230557	1	25.6837	0.530866	3.90718	4
Dnajc2	chr5	18335674	19076401	-0.201609	2	28.5588	0.957412	3.84931	4
Yes1	chr5	29320132	29620661	0.243819	3	35.0741	0.813667	3.76333	4
Afap1	chr5	32324372	33216235	-0.226357	2	32.2508	0.0102657	2.98667	3
Sorcs2	chr5	32794869	33383067	-0.228702	2	32.8843	0.411533	2.9774	3
Crmp1	chr5	33783707	35401185	-0.223232	1	31.9002	0.000221009	2.982	3
Corin	chr5	68650672	69026337	-0.35493	2	19.5791	0.827772	2.80216	3
Slc10a4-ps	chr5	69468705	69480210	-0.5634	1	14.7302	0.98114	2.56552	4
Kit	chr5	72046506	72320409	0.279078	2	29.7969	0.980131	2.77886	3
Tecrl	chr5	79801719	80154116	-0.298495	1	19.1685	0.947723	2.71752	3
Csn1s2b	chr5	84230058	84390257	0.318991	3	29.0621	0.425591	3.4498	4
Cfap299	chr5	95006303	95558890	0.242206	2	30.62	0.714008	3.77075	4
Cds1	chr5	98362307	98853398	0.200063	2	39.735	0.995145	2.92048	3
Gm42933	chr5	98851500	98907298	0.383482	4	40.7941	0.0795166	2.90971	3
C130026L21Rik	chr5	107936794	108911692	-0.411159	1	25.7392	0.0137401	2.82333	3
Myo18b	chr5	109078710	110117072	-0.249136	1	29.3371	0.184351	2.96315	3
Grk3	chr5	109803174	110224088	-0.207116	2	29.918	0.363271	2.95841	3
Sgsm1	chr5	110123964	110291844	-0.246169	2	28.7093	0.925417	2.84633	3
Taok3	chr5	113978674	114428110	-0.270467	1	28.3714	0.24462	2.89564	3
Ksr2	chr5	114445384	115143869	-0.285094	1	28.2206	0.103774	4.90947	5
Nos1	chr5	114656345	115505754	-0.223497	1	30.1714	0.394531	2.95441	3
Gm43069	chr5	117898359	118120894	-0.22977	2	29.1545	0.202884	2.88979	3
Oas1e	chr5	118121377	118258427	-0.208402	1	25.3675	0.875395	6.78191	9
Tmem132b	chr5	123019887	123358900	0.207575	2	34.0242	0.991327	3.81285	4
1700081B01Rik	chr5	123957996	124791125	-0.207603	2	27.738	0.810127	2.94988	3
Tmem132c	chr5	124380544	125202002	-0.214418	2	28.5784	0.753665	5.44081	6
Adgrd1	chr5	126545440	126823414	-0.224419	2	28.4604	0.682443	2.91043	3
Caln1	chr5	127445812	128628881	-0.219864	2	27.3924	0.40406	4.71583	5
Col26a1	chr5	134205658	135095285	-0.254201	1	49.1164	0.0288335	2.97889	3
Zan	chr5	134873983	135512056	-0.237029	2	45.9958	0.486343	3.70713	4
Cyp3a41a	chr5	143357123	143953877	0.395344	3	69.1284	0.872072	15.3378	19
Cyp3a44	chr5	143357123	143669440	0.44853	3	72.4663	0.872072	10.9527	14
Wasf3	chr5	144324838	144518972	-0.226988	2	44.6989	0.682823	2.25867	3
Usp12	chr5	144770724	145107723	-0.272505	1	47.2098	0.583412	2.94068	3
Lnx2	chr5	144860158	145182314	-0.21578	2	49.7258	0.0527492	2.9692	3
Gm20559	chr6	48565	65979	-0.217515	1	28.0489	0.883358	3.58185	5
Samd9l	chr6	105624	119815	-0.455786	1	21.9824	0.89549	3.29602	4
Vps50	chr6	150920	504707	-0.201863	2	29.3248	0.501412	2.97523	3
Thsd7a	chr6	8766434	9492962	0.201606	2	27.5255	0.80534	2.85416	3
Cpa5	chr6	26682287	27200537	0.211338	2	36.3354	0.993242	2.76627	3
Lncpint	chr6	27515108	28377394	-0.33204	1	27.4095	0.61553	2.81373	3
Plxna4	chr6	28493072	29547991	-0.203894	1	32.3476	0.253645	3.96323	4
Gm14546	chr6	30334229	31030388	0.315849	2	35.71	0.489983	3.66969	4
Gm43578	chr6	34528245	35015226	-0.216301	2	30.3926	0.773628	2.68093	3
Gm21827	chr6	39588570	39608177	0.356495	2	31.7002	0.998958	2.77237	3
Cntnap2	chr6	41450164	43963392	0.248548	3	30.946	0.848894	11.5881	13
Vmn1r4	chr6	53033047	53350129	-0.204448	2	34.5995	0.862619	5.73151	6
Snca	chr6	57073130	57375759	-0.257897	2	35.2795	0.985871	3.8258	4
Mageb16	chr6	57073130	57222885	-0.3	2	34.6076	0.985871	2.83275	3
Mageb16-ps2	chr6	57073130	57222885	-0.3	2	34.6076	0.985871	2.83275	3
Ccser1	chr6	57701454	58793635	0.212335	3	41.1102	0.756574	12.4484	13
Igkv1-117	chr6	64348314	64466967	0.244539	1	35.7317	0.956383	4.44267	5
Igkv1-110	chr6	64348314	64466967	0.244539	1	35.7317	0.956383	4.44267	5
Alms1-ps2	chr6	82132042	82211529	-0.206032	1	38.2363	0.995447	4.95118	8
Alms1-ps1	chr6	82132042	82211529	-0.206032	1	38.2363	0.995447	4.95118	8
Chchd6	chr6	85642356	86180518	-0.516052	2	42.4901	0.755218	2.80864	3
Vmn1r41	chr6	86176142	86363750	-0.539171	0	33.1424	0.0546072	3.53161	4
Gm20426	chr6	86558088	86707258	-0.280043	1	38.2986	0.969699	2.63963	3
Nr2c2	chr6	88544063	89206356	0.211035	2	55.666	0.80534	2.9193	3
9530026P05Rik	chr6	89207409	89941572	0.207559	2	57.1282	0.612737	3.93243	4
Gm32592	chr6	94512961	94876588	0.34156	3	56.7028	0.383756	3.65321	4
Gm34933	chr6	103435271	103599070	-0.257717	2	43.7598	0.937429	2.93737	3
Edem1	chr6	104978436	105160202	-0.227211	2	46.8827	0.55937	2.94693	3
Grm7	chr6	106687263	107867142	-0.234749	2	43.1879	0.174131	13.6501	14
Zfp422	chr6	112832740	113158529	-0.266297	1	46.2424	0.833141	2.91203	3
Gm45083	chr6	113557765	113894598	-0.392132	2	42.0666	0.240867	2.94032	3
Il17ra	chr6	116582294	116862752	-0.204707	2	49.4523	0.598945	2.96724	3
Gm10319	chr6	117972236	118463739	-0.210717	2	42.8764	0.831497	8.64657	9
Rimklb	chr6	118465030	118755228	-0.213354	2	47.3167	0.684984	2.95879	3
Mfap5	chr6	118684769	118780399	-0.254566	2	46.1923	0.739416	2.94863	3
4930417O13Rik	chr6	121611455	121964148	0.212315	3	67.0741	0.97952	2.59781	3
Klrb1a	chr6	124963203	125004650	0.204619	2	58.7118	0.936707	2.90915	3
Clec2g	chr6	125379545	125495243	0.261342	3	63.1254	0.993915	3.69825	4
Klrk1	chr6	125885881	126284234	0.424291	2	57.6739	0.938328	2.33045	3
Strap	chr6	134411731	135312925	0.271945	2	50.5641	0.987179	2.84916	3
C2cd5	chr6	139477727	139910713	-0.200992	2	36.6998	0.291038	2.89926	3
Nlrp12	chr7	72546	162293	-0.335843	1	16.4381	0.87238	2.72734	3
Cacng8	chr7	164735	525374	-0.210628	2	20.4843	0.759084	2.96052	3
Tmc4	chr7	380980	587249	-0.38167	2	18.1634	0.39593	2.57894	3
Gm15929	chr7	380980	587249	-0.38167	2	18.1634	0.39593	2.57894	3
Pira12	chr7	586556	758706	-0.701506	1	11.1283	0.83176	2.46056	5
Pira13	chr7	586556	781013	-0.58709	1	12.9014	0.83176	3.41612	6
Pira2-ps1	chr7	586556	628469	-0.582497	1	12.6195	0.83176	1.69007	3
Pirb	chr7	586556	628469	-0.582497	1	12.6195	0.83176	1.69007	3
Gm10693	chr7	586556	781013	-0.58709	1	12.9014	0.83176	3.41612	6
Gm15931	chr7	586556	628469	-0.582497	1	12.6195	0.83176	1.69007	3
Lilra6	chr7	586556	781013	-0.58709	1	12.9014	0.83176	3.41612	6
Nlrp4c	chr7	3063989	3118872	0.486981	1	35.9927	0.960626	1.63433	3
Clcn4	chr7	4271834	4343662	-0.322694	1	16.0538	0.908874	2.63466	3
Sult2a2	chr7	11063295	11171007	-0.230852	2	17.075	0.979013	4.24963	5
Nlrp5-ps	chr7	11673545	12705916	-0.255254	2	17.4536	0.885812	10.7246	14
Crxos	chr7	13036110	13124674	0.56425	3	33.1024	0.979013	3.75737	5
Psg16	chr7	14347141	14396375	0.249874	3	26.4606	0.672988	2.87939	3
Ceacam5	chr7	15070487	15244787	-0.225823	2	17.5493	0.982765	2.54281	3
Nlrp9b	chr7	17489892	17893936	0.273274	2	24.5506	0.907279	3.85694	4
Ceacam1	chr7	23230496	23337282	0.225326	3	26.4236	0.985871	14.932	18
Cyp2b13	chr7	23899151	24033961	-0.31383	1	16.0925	0.985024	4.54428	5
Cyp2a4	chr7	24178342	24201966	-0.237376	3	17.346	0.848894	5.47672	6
Zfp27	chr7	27937277	28006478	0.208479	2	36.1158	0.995969	2.86855	3
Zfp568	chr7	28045121	28632842	0.247721	4	40.5744	0.501412	3.6375	4
Ffar1	chr7	28861948	28993171	-0.264284	2	29.2419	0.36294	2.89027	3
Gm44662	chr7	28926938	29307340	-0.29593	1	27.0829	0.412381	6.29144	8
2610021A01Rik	chr7	40014270	40099530	-0.245092	1	24.9307	0.925717	2.85629	3
Vmn2r-ps54	chr7	40047507	40229251	-0.251842	2	24.3064	0.722438	2.69021	3
Vmn2r-ps56	chr7	40154875	40342018	-0.319251	2	21.3284	0.996532	2.40218	3
Vmn2r58	chr7	40154875	40377499	-0.265217	2	23.8391	0.996532	3.38913	4
Ftl1	chr7	44293782	44391579	0.300159	3	42.3142	0.957412	2.6493	3
Abcc8	chr7	44836517	45576172	-0.24552	2	29.6452	0.496574	2.26217	3
Slc17a6	chr7	50599416	50823750	-0.245523	2	26.6648	0.363481	2.92603	3
Atp10a	chr7	57449085	57700686	-0.289554	2	23.8004	0.0908799	2.8549	3
Trpm1	chr7	62854687	63066317	0.2047	2	35.2053	0.701797	2.81614	3
Cers3	chr7	65240433	65518887	0.223822	2	44.1148	0.981102	2.56299	3
Chd2	chr7	71677387	72190062	0.323353	2	34.2421	0.970469	2.73585	3
Sv2b	chr7	73742093	74048514	-0.410461	2	25.1203	0.992983	2.51878	3
Olfr643	chr7	102445421	102856979	-0.257184	2	27.4567	0.413982	4.91702	5
Trim30d	chr7	102799059	102916487	-0.270492	1	25.5551	0.697958	2.92212	3
Usp17le	chr7	103154324	103369126	-0.269978	3	24.6871	0.984536	6.00919	7
Usp17lc	chr7	103234496	103369126	-0.338998	1	23.0221	0.908382	2.72671	3
Olfr680-ps1	chr7	103494262	103632354	-0.262454	2	23.4701	0.760306	4.6962	5
Gvin-ps6	chr7	104447684	105086845	-0.386294	1	20.6936	0.830697	9.25246	14
Gvin-ps7	chr7	104447684	105105868	-0.322779	1	22.5907	0.830697	9.9754	15
Gvin2	chr7	104888888	105105868	-0.242368	1	26.0781	0.970469	5.42504	7
3100003L05Rik	chr7	123354254	123710438	0.273854	3	33.5861	0.962976	2.75044	3
Tbc1d10b	chr7	125575570	126067044	-0.225722	2	33.1926	0.654238	2.94955	3
Tubgcp2	chr7	138681819	138988235	-0.230976	2	32.1867	0.208205	2.97896	3
Paox	chr7	138827868	139044596	-0.205819	2	32.5229	0.34232	2.97421	3
Ppfia1	chr7	142796271	144163564	-0.310804	1	30.1007	0.000151311	3.9033	4
Mrgprd	chr7	144164101	144302739	-0.561367	1	22.9356	9.4068e-06	2.92976	3
Efnb2	chr8	5439836	6345773	-0.224028	2	33.587	0.638241	2.97565	3
Defb9	chr8	18829353	18843317	-0.377913	1	13.7941	0.996365	2.53734	3
2810404M03Rik	chr8	38691007	38834886	0.321178	3	27.5387	0.915043	4.32582	5
Gpm6a	chr8	51459990	51610340	0.5245	4	25.9538	0.963204	2.20503	3
Cpe	chr8	60880491	61545879	-0.217496	2	20.3577	0.621346	2.96255	3
Psd3	chr8	64017605	64684515	0.249737	3	24.3169	0.785488	2.86462	3
Myo9b	chr8	67525984	67776365	-0.241699	1	22.4533	0.707145	2.93963	3
Gtpbp3	chr8	67736115	67817237	-0.211397	2	21.5285	0.83176	2.80883	3
Zfp617	chr8	68223672	68261281	0.413506	3	33.569	0.991614	2.44795	3
Gm18180	chr8	68223672	68261281	0.413506	3	33.569	0.991614	2.44795	3
Iqcm	chr8	71780797	72189062	0.34389	3	24.3657	0.702034	4.78848	6
Gm10649	chr8	72752738	73104028	0.357163	2	29.3116	0.98485	2.50192	3
Gab1	chr8	76878764	77315095	0.230895	2	29.7189	0.999681	2.73213	3
D8Ertd738e	chr8	80187962	80796223	-0.209852	2	23.4158	0.342552	2.98552	3
A330008L17Rik	chr8	95070476	95921383	0.310378	2	25.7234	0.689556	10.2715	12
1700082M22Rik	chr8	100523638	100972486	-0.248358	2	21.1934	0.100096	2.88718	3
Lrrc36	chr8	101363358	101836437	-0.202437	2	22.4695	0.621346	2.95485	3
Smpd3	chr8	102406771	102631885	0.250226	2	25.1513	0.871013	2.5843	3
Zfhx3	chr8	104271252	105609408	-0.221433	2	21.0974	0.600172	3.95058	4
D030068K23Rik	chr8	105198691	105653166	-0.205976	1	20.5633	0.653727	2.96484	3
St3gal2	chr8	107269213	107332329	-0.326457	2	20.5686	0.899728	2.47527	3
Ddx19a	chr8	107280887	107428649	-0.266459	2	21.026	0.826328	3.47407	4
Clec18a	chr8	107369478	107643791	0.210376	2	23.297	0.616296	2.78487	3
Cdh13	chr8	115436930	116010324	-0.313177	1	19.5454	0.991327	5.66271	6
Slc38a8	chr8	115840884	116438527	-0.229553	2	22.796	0.262001	2.98081	3
Def8	chr8	120150711	120225090	-0.214584	1	22.6568	0.77776	2.90381	3
Taf5l	chr8	120496846	121133854	-0.278388	2	20.6983	0.17539	3.66285	4
Tsnax	chr8	121334463	121846389	-0.221441	2	21.7219	0.14961	3.85771	4
Disc1	chr8	121749622	122068844	-0.214808	2	22.1389	0.363047	3.90755	4
A730098A19Rik	chr8	122382219	123232697	-0.20315	2	22.7936	0.0984669	2.9821	3
Ccdc7b	chr8	125821218	125860221	0.229909	3	24.2745	0.93338	2.65804	3
Mmp1b	chr9	3995525	4084912	-0.408186	1	22.2475	0.991812	3.35444	4
Cntn5	chr9	6422381	7503121	0.231268	3	33.2563	0.943592	5.80729	6
Npsr1	chr9	20553552	21047575	0.295307	3	48.3464	0.970469	2.24994	3
Hspa8	chr9	36646783	37480813	-0.327873	1	26.8284	0.00021327	2.88805	3
Ubash3b	chr9	37204087	39385969	-0.278475	1	30.5066	0.00328914	3.85258	4
Arhgap20	chr9	48086715	48457657	0.244241	2	33.1175	0.631753	2.84693	3
Exph5	chr9	49631321	50309732	-0.495765	2	17.8058	0.881051	2.58283	3
Hykk	chr9	51356786	52072910	0.339792	3	28.3887	0.849662	3.55486	4
Trip4	chr9	62528893	62792822	0.262036	3	29.7667	0.992967	2.37212	3
Snx1	chr9	62788506	63256965	0.221586	3	32.139	0.857335	2.62312	3
Usp3	chr9	63256222	63453858	0.328993	3	31.7595	0.93445	2.56892	3
Gm15563	chr9	63256222	63453858	0.328993	3	31.7595	0.93445	2.56892	3
Aph1b	chr9	63256975	63497389	0.230559	2	28.1117	0.980131	5.16615	6
Aph1c	chr9	63458917	64341068	0.209396	2	26.3636	0.996918	3.82336	4
Rora	chr9	65195333	66454549	-0.251017	2	19.9068	0.683083	7.57393	8
Fam81a	chr9	66463511	66887754	-0.280919	2	20.0323	0.62675	2.87391	3
Unc13c	chr9	70088180	70991225	0.223486	2	32.9007	0.980131	4.78613	5
Gfral	chr9	72779245	72913172	0.373823	3	33.6392	0.428415	2.90547	3
Hcrtr2	chr9	72911589	73289999	0.241737	3	32.3495	0.440744	2.92817	3
Gsta1	chr9	74968989	75041617	-0.336962	3	23.873	0.987179	5.40025	7
Gsta5	chr9	74968989	75041617	-0.336962	3	23.873	0.987179	5.40025	7
Gm8074	chr9	74970800	74972820	-0.486903	1	18.9797	0.950103	1.98979	3
Trim43a	chr9	85193872	85246922	-0.282757	3	23.8008	0.984072	3.34366	4
Trim43c	chr9	85193872	85246922	-0.282757	3	23.8008	0.984072	3.34366	4
Trim43b	chr9	85193872	85246922	-0.282757	3	23.8008	0.984072	3.34366	4
Cpne4	chr9	100849824	101268571	-0.273648	2	26.9429	0.422827	5.68971	6
Dock3	chr9	102936066	103722487	-0.236821	2	30.1471	0.998958	4.82043	5
Fbxw14	chr9	105403739	105777333	-0.399246	1	19.0987	0.98485	3.42043	5
Lrrc2	chr9	107161195	108002472	-0.200712	1	31.3822	0.379743	2.97556	3
4921528I07Rik	chr9	110521257	110559232	0.446151	4	43.0953	0.710171	2.88447	4
Crtap	chr9	110797413	111018691	0.204659	3	32.2543	0.75207	2.74904	3
Zbtb2	chr10	1097087	1312527	-0.234818	2	29.5102	0.640156	3.66393	4
Taar7e	chr10	20756836	20848410	0.467818	3	35.573	0.686163	2.78078	3
Nkain2	chr10	28309751	29604286	0.342791	2	32.7812	0.823717	8.39393	9
Trappc3l	chr10	30430684	30709120	-0.212794	2	29.432	0.785478	2.87894	3
Frk	chr10	30803400	31308635	0.203115	2	28.2213	0.229948	2.70945	3
Sim1	chr10	47293851	47489483	-0.227713	2	27.2556	0.206756	2.95874	3
Cdh23	chr10	56323689	56977431	-0.228318	2	32.5894	0.0867533	2.97907	3
Slc29a3	chr10	56706179	56978976	-0.237089	2	29.6758	0.465696	2.91809	3
Gm26947	chr10	56771377	57121872	-0.26047	1	29.6568	0.237588	2.92137	3
Adamts14	chr10	57193257	58137118	-0.276144	2	30.2338	0.66176	4.56296	5
Tspan15	chr10	58138371	58517257	-0.293315	1	30.3365	0.0306462	3.93825	4
Hk1	chr10	58290037	58572157	-0.256646	1	30.7193	0.258444	2.97255	3
Supv3l1	chr10	58349914	58573017	-0.262396	1	28.0554	0.0489882	2.80385	3
Rufy2	chr10	59004386	59366140	-0.241679	1	30.287	0.185631	2.97557	3
Herc4	chr10	59146854	59515718	-0.351822	2	26.1696	0.105885	2.86227	3
Gm15398	chr10	69081350	69607854	-0.213584	1	27.8531	0.391881	2.97068	3
Specc1l	chr10	70779809	71395458	-0.271585	2	30.8444	0.0347967	3.83237	4
Gucd1	chr10	71364092	71891086	-0.204616	2	32.9763	0.899728	3.96217	4
Pcnt	chr10	72288779	72675914	-0.232072	2	30.2413	0.850465	2.89572	3
Col6a2	chr10	72465449	72701530	-0.256936	2	29.6432	0.0977076	2.88544	3
Vmn2r81	chr10	75373538	75477122	0.420624	3	25.8684	0.93338	2.56521	3
Vmn2r82	chr10	75504896	75604973	0.322067	3	25.3181	0.916351	3.62235	4
Med16	chr10	75640393	76109720	-0.254017	2	22.0417	0.104701	2.78124	3
Pah	chr10	83842156	84244520	-0.203444	1	20.73	0.411533	2.9698	3
Igf1os	chr10	84208795	84511040	-0.330096	2	19.1977	0.885812	3.60698	4
Tmcc3	chr10	90050099	91107007	-0.230737	2	20.7633	0.0581011	2.90356	3
Syt1	chr10	104690807	105235672	0.294188	2	24.0686	0.786976	2.52487	3
Tph2	chr10	111311268	111562696	-0.214202	2	21.3374	0.451943	3.90085	4
Lgr5	chr10	111681353	112034637	-0.236612	2	20.998	0.782999	2.86633	3
Frs2	chr10	113312690	113567801	-0.260913	2	22.1963	0.824677	2.85785	3
Smarcc2	chr10	124819028	124957096	-0.278072	2	22.2029	0.699173	2.87029	3
Gm29585	chr10	124885030	125102145	-0.250412	2	22.7997	0.873509	3.8612	4
Olfr823	chr10	126629313	126731268	-0.202053	1	20.3221	0.98485	2.86385	3
Olfr824	chr10	126629313	126731268	-0.202053	1	20.3221	0.98485	2.86385	3
Vmn2r87	chr10	126987128	127063089	0.377927	4	31.1221	0.449832	2.69229	3
4930556J24Rik	chr11	421429	870949	0.25792	2	37.9827	0.833141	2.82049	3
Zpbp	chr11	7971393	8443382	-0.226152	2	26.3694	0.700588	3.8022	4
Cnrip1	chr11	13749007	13991369	-0.611017	1	20.7967	0.33044	2.76595	3
Ehbp1	chr11	18551336	19266261	0.223608	2	30.9409	0.726522	9.86008	11
Rtn4	chr11	26329518	27144249	0.227667	2	38.5861	0.976019	3.48065	4
Ebf1	chr11	41192987	42216919	-0.206824	2	29.4466	0.162255	2.98494	3
Havcr1	chr11	43324977	43466080	-0.213324	1	34.6831	0.976019	4.81615	5
Gm12187	chr11	45326801	45939027	0.219197	2	43.369	0.893666	12.2474	14
Gm12185	chr11	45527281	45663776	0.226772	1	46.0638	0.987179	6.89764	8
Olfr56	chr11	45659566	45939027	0.380892	3	42.9741	0.992815	4.33942	5
Sec24a	chr11	48497560	48809897	0.216501	3	49.0878	0.871013	2.85002	3
Aff4	chr11	50099789	50665280	-0.35215	1	30.3879	0.443754	5.50504	6
Gm12241	chr11	53281945	53284771	0.463134	3	29.7637	0.984121	2.6147	3
Gria1	chr11	53662002	54280673	-0.264322	2	19.4429	0.453616	4.83324	5
Sap30l	chr11	54368199	54939313	-0.237481	1	22.0385	0.0647083	2.97641	3
Obscn	chr11	55712537	56311578	-0.228114	2	22.3293	0.258837	5.85829	6
Arf1	chr11	56002237	56500703	-0.211664	2	22.5721	0.258837	2.9835	3
Tom1l2	chr11	56946558	57501379	-0.202282	2	21.9857	0.993932	2.59108	3
Ulk2	chr11	58578387	59176464	0.213956	2	27.5771	0.83176	2.86246	3
Olfr398	chr11	71038171	71361855	-0.307193	2	32.0798	0.981849	2.88429	3
Vps53	chr11	73242090	73303911	0.284664	3	51.5221	0.889849	2.8458	3
Taok1	chr11	74670931	74771098	0.357343	3	44.3153	0.767909	2.69893	3
5530401A14Rik	chr11	78820739	79274356	-0.238021	2	39.2242	0.0706786	2.98221	3
Gm17268	chr11	79017682	79545028	-0.263252	1	38.678	0.0638447	2.98069	3
Tmem132e	chr11	79274366	79769216	-0.272406	1	39.4144	0.0175003	2.97676	3
Rad51d	chr11	79804859	80132969	-0.316173	2	37.4938	0.308306	3.75222	4
Pcgf2	chr11	95055922	95223417	0.202942	3	48.6672	0.855965	2.77855	3
Krt31	chr11	97509912	97728744	0.238663	2	49.3179	0.853754	2.85851	3
Gosr2	chr11	101190351	101819332	-0.200243	2	43.7903	0.81006	2.96097	3
Abca8a	chr11	107661079	108009254	0.209959	2	42.6836	0.960626	3.82941	4
Kcnj16	chr11	108560647	108673665	0.466629	2	40.4907	0.977167	2.71105	3
Jpt1	chr11	112885107	113275418	-0.254805	2	36.3456	0.784157	2.72507	3
Gm11735	chr11	114535111	114692608	0.237246	2	56.8842	0.984121	3.60664	4
Eif4a3	chr11	117006366	117929440	-0.215431	2	40.8064	0.530889	3.8707	4
Gps1	chr11	118739978	119318651	-0.2538	2	22.2762	0.889799	3.89725	4
Kif3c	chr12	42525	366043	-0.208862	2	21.7841	0.273461	2.93353	3
Kcns3	chr12	7831728	8142646	-0.318437	1	20.021	0.756142	2.91121	3
Vsnl1	chr12	7911840	8386867	-0.234323	1	21.4513	0.00363636	3.95412	4
Odc1	chr12	14243687	14495393	-0.264755	1	22.1694	0.5153	2.93273	3
Hpcal1	chr12	14261809	14654496	-0.285605	2	19.8317	0.241136	3.78674	4
Tpo	chr12	25943639	27107390	-0.239459	2	21.2198	0.154611	2.97636	3
Snx13	chr12	31762930	32174465	0.399382	3	27.1555	0.868479	3.40313	4
Agmo	chr12	33928031	34302042	0.323859	2	23.9204	0.879833	4.4564	5
Scin	chr12	36745929	37029877	0.207224	4	21.5584	0.39543	2.84511	3
Immp2l	chr12	37577975	38615505	-0.317818	1	18.2266	0.00073254	12.4752	13
Hectd1	chr12	47741853	48204955	0.280258	2	26.036	0.962071	3.65943	4
Srp54c	chr12	51463627	51504870	-0.351739	1	15.3199	0.919301	4.88869	6
Fam177a	chr12	51544043	51889972	-0.37895	1	17.7504	0.811122	3.58397	4
Lrfn5	chr12	57658187	58171635	-0.249438	2	17.1764	0.425591	5.64018	6
Ccdc175	chr12	67919107	68212977	-0.209687	2	20.3688	0.579864	2.91607	3
Rtn1	chr12	68211169	68811839	-0.206817	1	20.9523	0.831365	2.9328	3
Gphn	chr12	74251788	74835752	0.367141	3	27.2754	0.851681	5.27806	6
Srsf5	chr12	76824014	77306183	-0.218932	1	21.6103	0.69299	2.94522	3
Adck1	chr12	84399676	85390307	-0.214383	1	20.4603	0.990771	2.07272	3
Ifi27l2b	chr12	99159381	99552530	-0.238267	1	21.2202	0.0746987	4.82003	5
Gm8895	chr12	99662411	99915056	-0.275453	1	16.2168	0.992983	8.56694	14
Serpina1b	chr12	99662411	99734829	-0.262302	1	15.9718	0.992983	3.53547	5
Serpina5	chr12	100051415	100243079	0.262842	2	34.0066	0.894506	2.87462	4
Tcl1b2	chr12	101249558	101461620	-0.241113	2	20.2	0.729204	6.82135	8
Tunar	chr12	101461630	101872209	-0.215489	2	22.1046	0.894199	2.91859	3
Meg3	chr12	105520727	106302293	-0.313681	2	20.2403	0.364865	3.88599	4
Hsp90aa1	chr12	106965980	107116486	0.285318	5	32.9912	0.899115	1.72802	3
Ighv1-17-1	chr12	111371987	111538139	-0.244309	2	19.7694	0.8733	2.91439	3
Esyt2	chr12	112765460	113243534	-0.244154	2	23.7359	0.945709	3.91884	4
Ptprn2	chr12	113032587	114267237	-0.244299	1	24.0461	0.0227815	6.94601	7
Sp8	chr12	114944525	115787058	-0.201231	1	23.8974	4.94483e-08	2.98376	3
Net1	chr13	371762	431970	-0.225348	2	29.63	0.97055	2.7025	3
Pfkp	chr13	2944449	3098115	-0.241562	2	29.4095	0.948167	2.82878	3
Adarb2	chr13	4654859	5249837	-0.331458	2	28.0156	0.827772	3.82318	4
Ryr2	chr13	7704905	8471606	-0.230387	1	30.6366	0.547387	4.95381	5
Gpr137b-ps	chr13	9645567	9652133	-0.429555	1	24.9773	0.957412	3.35765	4
B3galnt2	chr13	10253877	10866825	-0.200385	2	30.7795	0.920626	3.90883	4
Amph	chr13	14870833	15385903	-0.205986	2	30.7726	0.13405	2.97809	3
Trgc3	chr13	15402108	15452453	-0.337254	1	23.4007	0.627322	3.0642	4
H3c2	chr13	19983060	20182125	-0.289599	1	30.5574	0.500803	2.91101	3
Prl7b1	chr13	23818071	23853616	0.425585	3	35.9556	0.516112	2.74151	3
Tubb2b	chr13	30394198	30998298	0.285006	3	28.2986	0.276976	4.16089	5
Fam8a1	chr13	42450991	43960550	0.266316	2	37.5535	0.276189	3.61183	4
Diras2	chr13	48935892	49243063	-0.218484	1	37.7383	0.771439	2.90242	3
Gm2762	chr13	49842008	50439880	-0.377907	1	31.0377	0.938328	2.28033	3
Cdhr2	chr13	51085860	51257628	-0.256215	2	39.0147	0.656557	2.78688	3
Eif4e1b	chr13	51179814	51374345	-0.25243	1	38.8678	0.733963	3.76216	4
Gm5141	chr13	59391132	59440279	0.459632	3	59.187	0.979013	2.24243	3
Gm28041	chr13	63949653	63973351	0.268211	4	56.1163	0.970469	2.27574	3
Zfp456	chr13	63949653	63973351	0.268211	4	56.1163	0.970469	2.27574	3
Slf1	chr13	73687115	73931917	-0.208778	2	26.6696	0.689556	2.90668	3
2210408I21Rik	chr13	73794297	74358553	-0.212646	2	26.7466	0.869426	5.83779	6
A830082K12Rik	chr13	74728179	75056883	-0.2593	1	27.7554	0.203743	2.97378	3
Gm4117	chr13	86291795	86405059	0.299694	3	33.8359	0.451553	2.89195	3
Rasgrf2	chr13	88268411	88686021	-0.220722	2	28.3356	0.433881	3.84305	4
Gm5096	chr13	90016634	90155240	-0.249605	1	27.9416	0.997309	2.82385	3
Dmgdh	chr13	90040091	90172234	-0.278747	2	28.5596	0.602581	2.68471	3
Sv2c	chr13	92279397	92674653	-0.261387	2	28.3065	0.22183	2.89637	3
Fcho2	chr13	95042250	95271347	0.219607	2	33.2605	0.336979	3.68531	4
Naip2	chr13	96370786	96646197	-0.244233	2	28.2362	0.489983	4.54188	6
Adamts6	chr13	100695944	101316150	0.227244	2	41.0809	0.979013	2.87324	3
Pde4d	chr13	104676090	106658489	-0.214391	2	35.5475	0.950103	5.64648	6
Cspg4b	chr13	109513751	110129092	-0.218094	2	34.1825	0.980041	2.8839	3
Thrb	chr14	9851379	10216156	0.235673	3	34.7981	0.798756	3.8275	4
Nr1d2	chr14	10261791	10338812	0.271691	3	35.3218	0.631898	2.86739	3
Ube2e1	chr14	10339302	10517410	0.326599	2	34.8318	0.84223	2.90194	3
Ube2e2	chr14	10592349	11285940	-0.215834	2	28.7568	0.979013	4.89714	5
Vcl	chr14	13120036	13380057	0.220689	3	35.4302	0.910331	4.79656	5
Chat	chr14	24456068	25498017	-0.279397	2	29.0767	0.967615	2.91197	3
Arhgap22	chr14	25468134	25787081	-0.319639	1	28.649	0.629137	3.87288	4
Gm16976	chr14	37030895	37191115	0.208761	3	43.8988	0.995969	2.3226	3
Armh4	chr14	41696676	42004418	-0.217854	2	28.4263	0.839863	3.88501	4
Trav8n-2	chr14	45532731	45538033	0.580724	3	66.6084	0.937759	2.39877	3
Trav8d-2	chr14	45532731	45538033	0.580724	3	66.6084	0.937759	2.39877	3
Trav8-2	chr14	45532731	45538033	0.580724	3	66.6084	0.937759	2.39877	3
Myh6	chr14	47099121	47200005	-0.20251	2	40.2452	0.574427	2.85949	3
Rnf17	chr14	48519676	49076062	-0.219654	2	37.4936	0.686655	2.88321	3
Phf11d	chr14	51532597	51656388	-0.206721	1	34.8488	0.974018	3.9393	5
Ptk2b	chr14	58329396	59035647	-0.205616	2	30.8951	0.565975	2.97693	3
Siah3	chr14	67440259	67790451	-0.215179	2	32.1467	0.4378	2.97041	3
Klhl1	chr14	87955540	88346818	0.41957	3	32.8967	0.785488	4.0175	5
Dach1	chr14	89490908	90428757	0.227522	2	30.4783	0.967886	3.68296	4
Ednrb	chr14	95386174	95559698	-0.243289	2	25.8482	0.772951	2.78635	3
Nalcn	chr14	114792839	115113068	0.310844	3	30.6132	0.616296	2.8354	3
Itgbl1	chr14	115100758	115529679	0.2109	2	31.6156	0.975545	6.73721	7
Nadk2	chr15	5833264	5948774	0.274116	3	41.7553	0.741978	2.2997	3
Gm37815	chr15	16683984	16847984	-0.362205	2	36.1945	0.621346	2.66514	3
Cdh12	chr15	17627118	18194857	0.240745	4	44.6494	0.419153	5.66994	6
Ctnnd2	chr15	26635349	27457829	-0.238467	2	45.9503	0.93439	5.85991	6
Zfpm2	chr15	36835427	37381405	0.27565	3	44.6178	0.83176	2.8188	3
Has2os	chr15	52625544	52886853	0.316843	3	45.9432	0.963204	4.76781	5
Gsdmc	chr15	59657113	59698867	0.395673	3	48.0212	0.880916	2.80839	3
Gsdmc4	chr15	59657113	59698867	0.395673	3	48.0212	0.880916	2.80839	3
Gsdmcl-ps	chr15	59697736	60039424	-0.209351	3	36.4114	0.903122	14.2608	21
1700065I16Rik	chr15	59697736	59731948	-0.2173	3	36.2032	0.903122	6.61102	9
Apol7a	chr15	73279722	73312043	0.208426	3	49.7494	0.915043	3.81769	4
Apol7c	chr15	73279722	73331373	0.241175	3	50.3908	0.915043	5.63963	6
Apol7b	chr15	73285300	73350684	0.275159	2	51.394	0.981774	7.54929	8
Srebf2	chr15	78144634	78511310	-0.222072	2	40.7188	0.460121	3.85618	4
Cyp2d10	chr15	78515425	78579248	-0.550349	1	27.7272	0.951277	2.99467	4
Cyp2d9	chr15	78515425	78579248	-0.550349	1	27.7272	0.951277	2.99467	4
Cyp2d34	chr15	78515425	78579248	-0.550349	1	27.7272	0.951277	2.99467	4
Sult4a1	chr15	79901389	80503002	-0.222876	1	41.6594	0.25643	2.97764	3
Tafa5	chr15	83767605	84823150	-0.263227	1	38.5365	0.437945	2.96235	3
Smgc	chr15	88043312	88204117	0.249954	3	50.7132	0.805086	2.88037	3
Cntn1	chr15	88253622	88756951	0.273286	2	44.3185	0.993932	5.73303	6
Calcoco1	chr15	99073799	99791313	-0.239181	2	21.6117	0.856708	3.86933	4
Teddm3	chr16	17378073	17448173	0.243184	3	35.4662	0.921165	2.80761	3
2510009E07Rik	chr16	17789511	18418061	-0.251699	2	29.1316	0.856708	2.81035	3
Tra2b	chr16	18724894	18772546	0.355231	3	33.7928	0.970469	2.50681	3
Kng2	chr16	19482064	19570549	-0.217623	1	20.7824	0.358201	5.60946	6
St6gal1	chr16	19677885	20184979	0.252873	2	25.0885	0.956205	3.76805	4
Fgf12	chr16	24560524	25003444	0.229106	3	14.3172	0.867505	2.81867	3
Atp13a3	chr16	26732015	27055561	-0.278651	2	11.7345	0.609501	2.79168	3
4932412D23Rik	chr16	39190795	39505708	0.259057	2	23.069	0.975867	2.89761	3
Zbtb20	chr16	39377439	40421019	0.273971	2	24.778	0.91466	4.83448	5
Dzip3	chr16	45304365	45590897	0.320197	3	23.0136	0.249625	4.85815	5
St3gal6	chr16	54533356	54831681	0.333413	1	23.0151	0.226037	2.37652	3
Cpox	chr16	54859776	54973595	-0.396953	1	10.4905	0.0654523	3.74861	4
Zfp654	chr16	60838624	61120165	-0.341101	1	11.4305	0.0977076	2.97032	3
Htr1f	chr16	61069669	61276887	-0.371844	1	10.4916	0.0309885	4.87426	5
Samsn1	chr16	71718200	72136783	-0.21621	2	12.4652	0.803871	3.93797	4
Mir99ahg	chr16	73128063	73954313	0.243547	2	13.9217	0.994214	2.85381	3
Tmprss15	chr16	74772047	75134777	0.305061	2	17.3647	0.991327	3.78531	5
Gm10785	chr16	87262217	87661511	-0.248633	2	23.4052	0.917903	3.42769	4
Cryzl1	chr16	87262217	87661511	-0.248633	2	23.4052	0.917903	3.42769	4
Gm5678	chr16	89332898	89613165	-0.262227	1	22.2052	0.878388	2.87116	3
Brwd1	chr16	91795896	92108059	0.247494	3	28.0973	0.947666	5.64694	6
Zdhhc14	chr17	2439227	3253510	-0.201965	2	31.9708	0.1793	2.92197	3
Sytl3	chr17	3685294	3904985	-0.229907	0	26.5209	0.899728	4.59796	6
Acat3	chr17	9625532	10023885	-0.278365	2	29.7517	0.156746	2.84985	3
Vmn2r127	chr17	15716455	16669556	-0.231708	2	24.6655	0.313803	9.41006	14
Vmn2r97	chr17	16361645	16956356	-0.344508	1	22.6095	0.985691	1.93169	3
Zfp943	chr17	19403686	19558902	-0.320529	3	21.2447	0.786787	6.15075	8
Vmn2r130	chr17	20561208	20586838	0.397686	3	28.8739	0.565975	3.64076	4
Gm18416	chr17	20700315	20718569	-0.275982	1	18.2533	0.88555	3.22682	5
Gm18396	chr17	20701564	20718569	-0.646596	1	14.2775	0.93338	1.5344	3
Srrm2	chr17	21329278	21520499	-0.21225	2	34.9455	0.496015	2.05167	3
Abca17	chr17	21811668	22461720	-0.20359	2	34.6496	0.220603	2.98044	3
Hmga1	chr17	25084208	25438125	-0.274671	1	31.2192	0.0235281	2.39847	3
Hmga1b	chr17	25084208	25438125	-0.274671	1	31.2192	0.0235281	2.39847	3
Cbs	chr17	29418593	29661726	-0.215385	2	32.2827	0.970469	2.88974	3
U2af1	chr17	29581049	29921645	-0.22974	1	31.448	0.986039	2.89627	3
Pglyrp2	chr17	30227924	30505886	-0.302521	2	29.6681	0.380563	2.54924	3
H2-DMb2	chr17	32153348	32259052	-0.236542	2	31.0716	0.561501	2.88455	3
H2-DMb1	chr17	32153348	32259052	-0.236542	2	31.0716	0.561501	2.88455	3
Hspa1b	chr17	32947973	33099020	-0.348965	2	26.3732	0.454513	2.97054	4
Gm20481	chr17	33083882	33099020	-0.437016	1	22.3221	0.995969	1.97615	3
Hspa1a	chr17	33097882	33163322	-0.282079	1	31.275	0.935804	2.71846	3
H2-Q5	chr17	33412929	33608081	0.385072	3	40.9991	0.978583	3.54261	4
2410017I17Rik	chr17	34168588	34445467	-0.266975	2	25.8632	0.202884	5.17319	6
Gm8815	chr17	34168588	34445467	-0.266975	2	25.8632	0.202884	5.17319	6
Gm17782	chr17	34168588	34445467	-0.266975	2	25.8632	0.202884	5.17319	6
Gm20543	chr17	36020564	36241694	-0.201929	2	29.312	0.911573	2.92855	3
Esp18	chr17	37554416	37646250	0.386509	4	40.03	0.859236	2.16207	3
Crisp1	chr17	38547770	38612996	0.539068	3	47.1078	0.981102	3.07335	5
Opn5	chr17	40824030	40899648	0.380109	3	40.1395	0.943295	2.62632	3
Runx2	chr17	42653071	43462635	0.228262	2	38.6595	0.902218	2.85559	3
9830107B12Rik	chr17	46372461	46531045	0.217077	2	45.6265	0.496015	3.96032	5
A530064D06Rik	chr17	46500800	46531045	0.35053	3	49.2678	0.985024	2.96692	4
Mocs1	chr17	47674529	48417037	-0.278732	1	30.5759	0.0761836	2.97719	3
Kif6	chr17	47886098	48446362	-0.250291	1	30.8002	0.17777	2.96759	3
Ankrd12	chr17	64401974	64517947	-0.266978	3	29.6617	0.93338	2.75486	3
Ndc80	chr17	69863508	70217767	-0.283993	1	26.5975	0.922085	2.8055	3
Gm17538	chr17	76033990	76059752	-0.312366	1	21.6607	0.963204	2.52472	3
Crim1	chr17	76443576	76859482	-0.259274	2	28.9877	0.784157	2.57935	3
Gm5499	chr17	85234184	85489276	0.281855	2	15.8379	0.993515	2.90376	3
Stpg4	chr17	85490156	85908246	0.27382	5	7.15771	1.50359e-77	2.8787	3
Gm28676	chr17	85807309	86272336	-0.627571	1	3.39296	8.72874e-24	3.86454	4
Msh6	chr17	86391484	86932365	-0.623848	1	2.9632	0.00749659	2.9616	3
Foxn2	chr17	86754633	87120501	-0.80348	1	2.66591	4.38105e-07	2.97587	3
Ston1	chr17	86932874	87166385	-0.910366	1	2.44971	1.12347e-24	2.97503	3
Gtf2a1l	chr17	87063218	87306431	-0.969752	1	2.29991	2.10869e-19	2.97267	3
Fshr	chr17	87306441	87954339	-0.625061	1	2.79459	2.03625e-08	3.92165	4
Nrxn1	chr17	88447547	89540315	-0.584409	1	2.8776	3.14766e-26	10.0968	11
Colec12	chr18	6345374	6964347	-0.20855	2	36.3772	0.15854	3.93596	4
Lama3	chr18	9164553	9806985	0.243202	2	43.7129	0.978568	2.86235	3
Dsg1c	chr18	16733513	16884360	0.372886	2	42.7111	0.957096	4.76142	5
Dsg1a	chr18	16999480	17143078	0.6274	3	39.5426	0.237588	2.5825	3
Dsg1b	chr18	16999480	17143078	0.6274	3	39.5426	0.237588	2.5825	3
Ap3s1	chr18	43120210	43361764	0.269466	3	47.3137	0.541541	2.84131	3
St8sia3os	chr18	60444409	60680689	-0.212094	2	19.797	0.864444	2.9436	3
Kcng2	chr18	76451354	77018789	-0.215794	2	24.2749	0.250285	2.97394	3
Sall3	chr18	77172101	77625323	-0.233207	2	21.9802	0.805813	2.97304	3
Neto1	chr18	82631584	82960366	0.311191	2	20.5165	0.935309	2.79076	3
Dpf2	chr19	2412863	2910480	-0.250583	2	33.9068	0.773628	3.80577	4
Mrpl49	chr19	2784032	2917514	-0.344278	1	27.4291	0.0616405	3.70689	4
Fau	chr19	2913553	3081127	-0.270275	1	29.7429	0.91178	3.72895	4
Gm9843	chr19	2913553	3081127	-0.270275	1	29.7429	0.91178	3.72895	4
Mark2	chr19	4065084	4442655	-0.229567	1	31.6622	0.947723	2.79648	3
Trpm3	chr19	18823813	19951017	0.233535	2	34.1036	0.889393	4.7896	5
Prkg1	chr19	27388276	28783726	0.222805	2	34.7013	0.981849	9.36575	10
Lipo1	chr19	30575833	30907436	0.412325	3	31.905	0.755128	4.6803	5
Gm8980	chr19	30575833	30907436	0.412325	3	31.905	0.755128	4.6803	5
Lipo5	chr19	30575833	30907436	0.412325	3	31.905	0.755128	4.6803	5
Cyp2c68	chr19	36594711	36664944	-0.200075	3	20.3294	0.992983	2.32311	3
Cyp2c67	chr19	36594711	36664944	-0.200075	3	20.3294	0.992983	2.32311	3
Cyp2c69	chr19	36594711	36664944	-0.200075	3	20.3294	0.992983	2.32311	3
Nudt11	chrX	640985	788846	-0.303117	1	26.3956	0.960297	2.39552	3
Gm14820	chrX	2556914	2715886	-0.214317	1	31.1136	0.825428	2.93203	3
Gm14864	chrX	3524424	3549671	-0.77969	1	17.3794	0.903229	2.11275	3
Gm14510	chrX	3524424	3549671	-0.77969	1	17.3794	0.903229	2.11275	3
Tspan7	chrX	5098209	5267437	0.31542	2	35.2734	0.969669	3.603	4
Cask	chrX	8209390	8576273	0.434313	2	31.4879	0.956873	4.606	5
Kdm6a	chrX	12849354	13021140	0.316069	2	29.4686	0.998618	7.05921	8
Zfp182	chrX	15749754	15797390	0.227235	3	32.9712	0.764612	2.8205	3
Wdr44	chrX	18363667	18480762	0.365464	3	33.1101	0.745251	5.52564	6
Slc25a43	chrX	31300832	31385704	-0.299991	2	27.6993	0.981849	2.55114	3
Slc25a5	chrX	31332567	31708554	-0.28486	2	29.9882	0.831497	3.55593	4
Nkap	chrX	31710746	31793041	-0.240183	2	29.593	0.857141	3.84212	4
Stag2	chrX	36618913	36954916	-0.203064	2	30.4746	0.227443	3.94373	4
Gm29242	chrX	41062623	41443117	-0.240754	1	26.6109	0.741165	12.4236	13
Gm14610	chrX	41931909	41987854	-0.291304	1	26.9677	0.83176	2.89474	3
Mbnl3	chrX	45692093	45837750	0.301422	4	15.118	0.265403	2.87436	3
Phf6	chrX	47414957	48018262	-0.252771	1	11.8676	0.893172	2.91896	3
4933416I08Rik	chrX	48070498	48117744	-0.302878	2	12.2946	0.889802	2.85533	3
Gm14624	chrX	50560343	50600375	0.415486	4	26.9847	0.91178	1.44115	3
Map7d3	chrX	51377335	51520895	-0.32588	2	11.0026	0.47457	2.86468	3
Tm9sf5	chrX	52089029	52245532	-0.392043	1	9.66751	0.675869	6.02928	7
Gm5637	chrX	54724836	54751291	-0.220892	1	11.4464	0.968048	2.85292	3
Mcf2	chrX	54726008	54994306	-0.280359	2	10.6788	0.980987	6.78784	7
Atp11c	chrX	54887077	55288532	-0.239934	2	10.6837	0.665717	12.2138	13
Gm7073	chrX	54999330	55243239	-0.312613	1	10.2712	0.177254	5.64035	6
Gm14661	chrX	55202251	55611582	-0.21324	1	10.7554	0.613996	17.8018	19
Tslrn1	chrX	57145632	57225544	-0.567971	1	8.11923	0.609501	1.5797	3
1700111N16Rik	chrX	64692912	64917474	0.292398	3	15.8721	0.854548	15.7899	18
Mtm1	chrX	65924506	66070914	-0.278309	2	10.7242	0.798347	5.34775	6
Vma21	chrX	66561420	66627413	-0.276068	1	10.3719	0.821767	2.88036	3
Gm26726	chrX	68158251	68432965	-0.264563	1	11.9854	0.96109	2.87604	3
Pdzd4	chrX	68511381	68607948	-0.34039	1	11.3589	0.0418834	3.8197	4
Flna	chrX	69006012	69165414	-0.251494	1	13.0323	0.371948	2.94705	3
Xlr4b	chrX	69552757	69560463	0.690594	4	13.5681	0.544455	1.68443	3
Xlr4a	chrX	69552757	69560463	0.690594	4	13.5681	0.544455	1.68443	3
Xlr4c	chrX	69552757	69560463	0.690594	4	13.5681	0.544455	1.68443	3
F8	chrX	70016534	70229091	0.328669	3	18.2327	0.791746	10.3084	12
Gm15385	chrX	70316605	70341716	0.217085	1	17.839	0.636127	3.74089	4
Pls3	chrX	70580825	70768504	-0.255343	2	11.1593	0.766814	3.84679	4
Cldn34d	chrX	71398628	71438199	0.264389	2	13.7862	0.944908	1.94006	3
5430402E10Rik	chrX	72669173	72691412	-0.314131	2	9.76168	0.955147	2.58627	3
Gm14744	chrX	72669173	72691412	-0.314131	2	9.76168	0.955147	2.58627	3
Gm14750	chrX	72669173	72691412	-0.314131	2	9.76168	0.955147	2.58627	3
Gm14752	chrX	73197645	73215312	0.2926	2	12.7348	0.963204	2.79477	3
Cfap47	chrX	74074063	74404042	0.32149	1	13.4127	0.782999	23.808	26
Dmd	chrX	77947970	80233157	0.310735	1	12.9862	0.981849	98.9887	109
Gk	chrX	80705760	80828566	0.346286	10	19.8657	0.259982	2.34545	3
Gm27000	chrX	83789216	83799668	0.431055	3	12.9871	0.944524	2.74985	3
Gm14790	chrX	89027929	89100445	-0.425299	1	11.1328	0.458289	2.81982	3
Tex11	chrX	95690211	96200191	0.226104	2	13.1207	0.098217	6.63314	7
Dmrtc1b	chrX	97831649	97847292	-0.424558	2	11.7266	0.974659	2.03851	3
Gm9133	chrX	97831649	97847292	-0.424558	2	11.7266	0.974659	2.03851	3
Gm9126	chrX	97831649	97912851	-0.34707	2	10.5574	0.974659	17.0749	22
Gm9119	chrX	97831649	97912851	-0.34707	2	10.5574	0.974659	17.0749	22
Slc16a2	chrX	98821467	98996005	-0.346975	1	11.6195	0.027082	3.8803	4
Nexmif	chrX	99192536	99403259	-0.226583	2	12.1746	0.706235	7.99208	9
Uprt	chrX	99606029	99735580	-0.225925	1	11.3997	0.293829	2.95993	3
1700121L16Rik	chrX	99977160	100062166	-0.263874	1	10.7565	0.934953	2.89947	3
5330434G04Rik	chrX	100482382	100585041	-0.237108	2	11.3465	0.784157	2.94568	3
Gm6325	chrX	101601362	101729355	-0.243973	1	10.6802	0.964158	6.88806	8
Fndc3c1	chrX	101624143	101735948	-0.318852	1	10.2592	0.862819	4.06587	5
Gpr174	chrX	102480421	102593872	0.393303	2	20.5784	0.826553	1.69644	3
Cylc1	chrX	106371571	106397069	-0.224075	3	8.11647	0.652087	2.76949	3
Apool	chrX	107459838	107588018	-0.392079	1	8.71142	0.65074	3.65658	4
2010106E10Rik	chrX	107699369	107770951	0.295617	5	12.9416	0.00977501	3.83974	4
Zfp711	chrX	107741802	107810220	0.288791	2	12.4996	0.97818	4.78606	5
Pof1b	chrX	107778616	107860924	0.506927	3	13.6187	0.35701	5.31707	6
Gm14936	chrX	108133230	108188283	0.331329	2	13.8975	0.889886	3.93661	5
Gm14939	chrX	108207150	108351005	0.268794	4	15.7352	0.831365	2.45111	3
4930555B12Rik	chrX	110064291	110151638	-0.333509	1	9.68294	0.163381	2.91154	3
Pcdh11x	chrX	115421029	116133157	0.237695	1	12.184	0.56598	40.7808	46
Gm382	chrX	122198313	122323157	-0.219674	6	11.0903	0.817539	2.94247	4
Diaph2	chrX	124931322	125738100	0.306483	2	12.4012	0.778256	23.9032	26
Nox1	chrX	129264954	129736290	-0.27668	2	11.9562	0.815255	5.72382	6
Xkrx	chrX	129315614	129452748	-0.287944	2	11.8994	0.541541	2.76716	3
Gm8775	chrX	129844507	129866358	0.260542	3	16.8802	0.685771	2.81758	3
Gm16397	chrX	129968396	129994698	-0.381564	2	10.9987	0.918842	2.88946	3
Kir3dl1	chrX	131800519	131830736	-0.239651	1	9.64434	0.791746	5.36216	6
Tmsb15l	chrX	132295169	132427333	-0.378177	1	10.0769	0.715561	3.83578	4
Tmsb15b1	chrX	132299078	132427333	-0.338841	1	11.0185	0.391059	2.91676	3
Esx1	chrX	132451238	132467503	-0.537353	1	7.84387	0.902218	2.17873	3
Radx	chrX	134792133	135010022	0.332247	3	13.8948	0.556215	3.78063	4
Col4a6	chrX	136345661	136728941	0.22586	2	13.9744	0.645951	3.70524	4
Col4a5	chrX	136728205	136929435	0.271381	3	14.2811	0.693792	8.49663	9
Gucy2f	chrX	137227440	137402205	0.31939	2	12.8661	0.810127	2.72664	3
Chrdl1	chrX	138422005	138895541	-0.29765	2	11.1897	0.496015	5.72262	6
Lhfpl1	chrX	140493448	140783256	-0.404778	1	9.66926	0.583412	2.79176	3
Htr2c	chrX	142105422	142351925	0.281285	1	11.7398	0.669763	11.8398	13
Tmem29	chrX	145575999	145684385	0.22946	1	17.2361	0.334303	2.89381	3
Gnl3l	chrX	146140804	146199509	-0.266027	1	10.7823	0.663157	2.87584	3
Fgd1	chrX	146199719	146405171	-0.317753	1	11.2734	0.563663	2.88879	3
Wnk3	chrX	146311514	146497640	-0.250767	1	11.073	0.865027	4.74391	5
A230072E10Rik	chrX	146414942	146647332	-0.240226	2	11.8998	0.810127	3.87518	4
Fam120c	chrX	146497650	146688823	-0.279833	1	11.8487	0.46523	2.95144	3
3010001F23Rik	chrX	147483322	147622528	-0.226337	1	11.5143	0.422827	5.61584	6
9530051G07Rik	chrX	148204599	148272157	-0.225709	2	11.488	0.975836	2.88406	3
Klf8	chrX	148376755	148650611	-0.505972	2	10.4951	0.322972	2.85383	3
Gm8577	chrX	149999861	150145282	-0.382936	1	9.65599	0.80546	3.24605	4
Gm15163	chrX	152297312	152308196	-0.376513	1	9.65366	0.992983	2.31207	3
Gm15169	chrX	153018511	153142156	0.309759	2	15.9976	0.93338	3.74057	4
Cnksr2	chrX	153141895	153395887	0.273412	5	12.4184	0.188282	12.7976	14
Rps6ka3	chrX	154519074	154667313	0.211055	2	14.0371	0.908651	5.6111	6
Map3k15	chrX	155100073	155427127	0.229295	2	16.5279	0.367305	5.45233	6
Cdkl5	chrX	156024433	156303277	-0.206802	2	12.3766	0.311208	2.94524	3
Scml2	chrX	156343051	156547412	0.332168	2	16.3957	0.995181	6.50375	8
Txlng	chrX	158011058	158114479	-0.207385	2	12.1129	0.315954	3.72277	4
Syap1	chrX	158116053	158190727	-0.303529	1	11.0139	0.944524	3.78408	4
Gm15225	chrX	161277258	161329900	0.258844	2	18.3341	0.981102	1.98539	3
Gemin8	chrX	161423185	161658020	0.411953	4	18.5728	0.591307	2.59766	3
Egfl6	chrX	161669200	161870471	-0.320362	2	10.6962	0.807131	4.69821	5
