gene	chromosome	start	end	log2	cn	depth	p_bintest	weight	probes
Cpa6	chr1	7282444	7737752	0.261733	3	29.1186	0.91178	4.46868	5
Gm7560	chr1	8865247	8933147	-0.339504	2	22.9973	0.982765	2.95656	3
Gm6216	chr1	9412328	9800338	-0.572607	2	24.1092	0.402222	2.93341	3
Gm29663	chr1	9412328	9800338	-0.572607	2	24.1092	0.402222	2.93341	3
Sulf1	chr1	9412328	9800338	-0.572607	2	24.1092	0.402222	2.93341	3
Slco5a1	chr1	9412328	9800338	-0.572607	2	24.1092	0.402222	2.93341	3
Gm37162	chr1	9800348	9911063	-0.68734	1	23.4538	0.626005	2.91991	3
Gm5250	chr1	9800348	9911063	-0.68734	1	23.4538	0.626005	2.91991	3
Gm29283	chr1	9800348	9911063	-0.68734	1	23.4538	0.626005	2.91991	3
Prdm14	chr1	9800348	9911063	-0.68734	1	23.4538	0.626005	2.91991	3
Gm9947	chr1	11436633	11560265	0.273814	2	37.2261	0.531922	2.89898	3
Msc	chr1	11436633	11560265	0.273814	2	37.2261	0.531922	2.89898	3
Gm37412	chr1	11436633	11560265	0.273814	2	37.2261	0.531922	2.89898	3
Gulp1	chr1	41212227	41289345	0.437209	3	21.8378	0.727142	2.71287	3
Pms1	chr1	49744133	49909163	-0.510492	1	22.4276	0.612318	3.27328	4
Gtf3c3	chr1	50977018	51127680	0.329244	3	40.46	0.975867	3.78167	4
Gm18802	chr1	55198517	55319427	0.332704	2	28.797	0.963204	8.76994	10
Flacc1	chr1	55222017	55316416	0.234448	1	27.1745	0.993856	4.49633	5
Gm28803	chr1	55316623	55319427	0.463938	3	29.1123	0.937759	2.46515	3
Wdr12	chr1	56710482	56965891	0.340257	3	32.2289	0.93338	2.39951	3
Plekhm3	chr1	60991163	61590718	0.200316	2	27.2736	0.984205	2.24012	3
Acsl3	chr1	75095841	75214176	0.342968	2	30.5567	0.896064	3.72178	4
Utp14b	chr1	75095841	75212452	0.318363	2	28.2367	0.896064	2.91758	3
Col4a3	chr1	78915610	79275387	-0.262895	2	19.3353	0.637762	2.78007	3
Dner	chr1	80705088	81292747	-0.236921	2	19.8118	0.950103	3.78981	4
Sp100	chr1	81888186	82373900	0.210784	4	29.1794	0.96344	4.45458	8
Gal3st2b	chr1	90341469	90519184	-0.298347	1	17.8018	0.899728	8.06563	9
Gal3st2	chr1	90393295	90773855	-0.362637	1	16.5903	0.885812	6.40127	7
Gm18666	chr1	90517861	90535133	-0.372599	1	16.5311	0.782999	3.61119	4
Gm7133	chr1	93647979	93934905	-0.207963	2	17.6831	0.999658	2.899	3
Cntnap5b	chr1	96338682	97007588	-0.208847	2	19.4227	0.871013	5.87756	6
Rnf152	chr1	101627180	101820660	-0.207758	2	21.5696	0.473929	2.96357	3
Serpinb3a	chr1	103439334	103727018	0.356345	3	31.1504	0.95247	5.07882	6
9330185C12Rik	chr1	110104124	110259129	-0.438047	2	16.8248	0.693792	2.84908	3
Cntnap5a	chr1	111770140	112812144	-0.277532	2	17.8556	0.970044	3.77226	4
MGP_FVBNJ_G0004900	chr1	120760038	121112295	-0.2029	2	20.0654	0.55953	5.93234	6
Cd55b	chr1	126478538	126579147	0.293006	3	33.7241	0.957412	2.96246	4
Cd55	chr1	126478538	126579147	0.293006	3	33.7241	0.957412	2.96246	4
Cntn2	chr1	128187310	129047506	-0.293975	2	21.6154	0.191337	2.92445	3
Zc3h11a	chr1	129713506	130046350	0.785165	4	42.3301	0.756574	1.96009	3
MGP_FVBNJ_G0016337	chr1	129713506	130046350	0.785165	4	42.3301	0.756574	1.96009	3
Cfh	chr1	136257903	136358375	0.283405	3	25.1049	0.992983	3.50107	4
Lamc2	chr1	148922133	149235206	0.2551	2	33.4728	0.980987	2.08867	3
Lamc1	chr1	149234317	149337887	0.311603	3	30.5849	0.99317	2.34674	3
Lhx4	chr1	151471352	152007413	-0.315199	2	18.6412	0.980131	2.27642	3
Soat1	chr1	152326041	153068277	-0.289137	1	20.4309	0.906718	2.67153	3
Fcgr3	chr1	166682002	167123973	-0.28894	2	21.107	0.79089	2.46824	3
Gm18445	chr1	169608849	169778409	-0.325158	1	15.656	0.736153	6.32146	8
Kif26b	chr1	174159138	175329165	-0.226669	2	20.9918	0.455814	2.89656	3
Tfb2m	chr1	175328474	175455117	-0.203135	1	20.8798	0.924333	2.87503	3
Gm1818	chr1	175328474	175455117	-0.203135	1	20.8798	0.924333	2.87503	3
Celf2	chr2	3765079	4970820	0.365719	3	38.1372	0.956873	3.51121	4
Nup214	chr2	28820151	28823176	-0.434684	1	24.3873	0.954621	1.91117	3
Fam78a	chr2	28820151	29036969	-0.251353	1	33.8106	0.954621	2.27305	4
Gm16534	chr2	28820151	29036969	-0.251353	1	33.8106	0.954621	2.27305	4
2600014E21Rik	chr2	71139997	72187429	0.260529	2	29.3643	0.992967	2.75942	3
Nckap1	chr2	76850269	77074974	-0.262531	1	11.9496	0.889287	2.89488	3
Itgav	chr2	79942763	80333426	-0.285994	1	13.8626	0.22183	2.93592	3
Slc39a13	chr2	87266357	87458115	-0.213915	2	22.1789	0.954154	2.88609	3
Trim44	chr2	98372865	99059834	0.285977	3	31.3212	6.43847e-06	2.98225	3
Mettl15	chr2	105261613	105469493	0.317394	3	24.7499	0.941033	2.58074	3
MGP_FVBNJ_G0026056	chr2	107367031	107409922	0.485785	3	28.3674	0.741808	2.35	3
MGP_FVBNJ_G0011706	chr2	107558854	107707099	0.211152	4	24.7627	0.93338	3.35816	4
Gm13930	chr2	107830481	107903329	-0.237656	2	17.7039	0.902218	2.21737	3
Cdan1	chr2	116552130	117426440	-0.779993	1	14.5693	4.0661e-06	2.95264	3
Ttbk2	chr2	116552130	117426440	-0.779993	1	14.5693	4.0661e-06	2.95264	3
Catsper2	chr2	117421345	117455148	-1.06435	1	10.7222	0.000411176	2.76734	3
Pdia3	chr2	117426450	117553725	-0.632765	1	14.3425	1.26771e-10	3.66739	4
Galk2	chr2	121991089	122170563	0.286325	3	25.2914	0.945503	2.82434	3
Gm14064	chr2	133785076	134203116	0.200412	2	24.8686	0.982333	2.94277	3
Btbd3	chr2	134285846	134963807	0.278947	2	23.0447	0.998618	2.83704	3
Gm14066	chr2	135263848	136061518	0.482955	5	29.8931	0.769426	3.89816	5
Asxl1	chr2	149391023	149612087	-0.284351	1	27.9868	0.989241	2.5259	3
Gm16685	chr3	4199247	4288759	0.303125	2	34.4756	0.915043	2.79872	3
Sirpb1b	chr3	11824661	12330866	-0.437636	1	20.3162	0.967822	11.7968	15
Nlgn1	chr3	21829432	22789252	0.295676	3	36.4191	0.643387	2.76615	3
1700112D23Rik	chr3	24801123	25052984	0.204954	2	36.8116	0.978568	2.81659	3
Egfem1	chr3	25489581	26705701	-0.267263	1	32.6659	0.14961	6.90982	7
Mfsd8	chr3	36732540	36775129	0.332216	3	42.539	0.978819	3.25073	4
Abhd18	chr3	36732540	37896214	0.210626	3	39.3689	0.978819	4.23128	5
Iqcj	chr3	63320606	64172946	-0.245586	1	29.8696	0.883159	2.88232	3
Iqschfp	chr3	63320606	64172946	-0.245586	1	29.8696	0.883159	2.88232	3
Fstl5	chr3	71294441	71919977	-0.440662	4	21.1018	0.978052	2.3164	4
Rapgef2	chr3	74056120	75058820	-0.202086	1	29.2768	0.684984	2.80474	3
Gm42468	chr3	75908187	76240853	0.264548	2	38.2922	0.902218	2.8058	3
Tuft1	chr3	89555914	89691203	-0.245775	2	23.2917	0.9975	2.45525	3
Hsd3b1	chr3	93945752	94110792	-0.230934	2	20.6694	0.774564	2.9346	3
Ampd1	chr3	98207855	98345424	-0.271453	1	20.5361	0.875712	2.82159	3
Gm43063	chr3	98207855	98345424	-0.271453	1	20.5361	0.875712	2.82159	3
Ndst4	chr3	120395635	120988860	0.37238	3	33.9059	0.959111	3.47425	4
Negr1	chr3	151277035	152121929	-0.203361	2	20.2412	0.893974	2.9195	3
Depdc1a	chr3	154094688	154208112	0.401955	3	33.9761	0.973828	2.6094	3
Gm11823	chr4	10084981	10413854	-0.227324	1	19.7163	0.720205	2.93178	3
Klhl32	chr4	20660301	21393806	0.502587	4	35.8961	0.940737	2.17946	3
Gm12678	chr4	40731857	40888274	-0.212894	1	21.6846	0.693853	2.51423	3
Cyp2j7	chr4	91573654	91674668	0.295161	2	29.633	0.947723	2.366	3
Cyp2j8	chr4	91797775	92182882	0.214583	3	29.3276	0.985024	2.73869	3
Ldlrad1	chr4	102512510	103345908	0.243628	3	31.5351	0.981849	2.44014	3
Scp2	chr4	103344388	103815273	0.200267	4	27.7173	0.888307	4.33091	5
Prdx1	chr4	112215187	112241616	0.27568	2	36.1641	0.976445	2.68276	3
Gm12828	chr4	112704411	113024500	0.206708	2	36.5733	0.590317	3.81657	4
Zdhhc18	chr4	129522118	129729616	0.236515	2	37.4038	0.9985	2.78779	3
Cdk6	chr5	181370	553913	0.669004	3	52.3291	0.979013	1.99046	3
Gm31831	chr5	7013101	7147611	0.264191	2	25.9068	0.970469	2.82367	3
Pcdh7	chr5	54267439	54918080	0.369074	2	30.5561	0.999658	2.65228	3
Gabrg1	chr5	67230286	67494287	0.420229	3	32.4678	0.626667	3.27008	4
Slc10a4-ps	chr5	69468705	69480210	-0.525268	1	16.067	0.98114	1.91327	3
Kit	chr5	72046506	72320409	0.279078	2	29.7969	0.980131	2.77886	3
Tecrl	chr5	79801719	80154116	-0.298495	1	19.1685	0.947723	2.71752	3
1700066N21Rik	chr5	84389940	84471752	-0.597409	1	19.5462	0.95247	2.39371	3
Cxcl15	chr5	87195146	87370498	0.21624	2	29.6525	0.995696	2.51224	3
Mthfd2l	chr5	87370078	87591097	0.209554	3	31.9743	0.99606	2.74864	3
Gbp8	chr5	101765711	102350755	-0.284323	1	25.2847	0.971613	3.40416	5
Gbp9	chr5	101856438	102350755	-0.209892	1	27.3639	0.970469	2.90598	4
Grk3	chr5	109803174	110224088	-0.207116	2	29.918	0.363271	2.95841	3
Sgsm1	chr5	110123964	110291844	-0.246169	2	28.7093	0.925417	2.84633	3
Oas1e	chr5	118121377	118258427	-0.287198	1	23.2019	0.875395	4.89049	7
1700081B01Rik	chr5	123957996	125035939	-0.221034	2	27.7362	0.810127	2.92297	3
Caln1	chr5	128010077	128628881	-0.243386	2	26.0704	0.980131	3.71878	4
Clip2	chr5	130414224	132106275	0.204103	3	52.3457	0.956362	6.2382	7
Gtf2ird1	chr5	131891060	132106275	0.280925	3	58.1211	0.987179	2.77118	3
Cyp3a41a	chr5	143357123	143953877	0.426129	3	71.7429	0.872072	13.4892	17
Cyp3a44	chr5	143357123	143669440	0.504943	3	77.0178	0.872072	9.10402	12
Wasf3	chr5	144324838	144518972	-0.226988	2	44.6989	0.682823	2.25867	3
Usp12	chr5	144770724	145219896	-0.243348	1	46.1333	0.583412	2.92508	3
Mtus2	chr5	146070169	147265734	-0.201724	1	46.9451	0.984121	3.5549	4
Cpa5	chr6	26682287	27200920	0.200608	2	36.9841	0.993242	2.67176	3
Cntnap2	chr6	41450164	43963879	0.219256	3	31.9672	0.848894	9.71197	11
Abcg2	chr6	54714282	55139916	-0.20703	3	30.654	0.985024	3.34325	4
Vmn1r41	chr6	86210751	86363750	-0.237254	2	38.9042	0.973775	2.7137	3
Nr2c2	chr6	88544063	89206356	0.211035	2	55.666	0.80534	2.9193	3
9530026P05Rik	chr6	89207409	89941572	0.218921	2	56.5846	0.612737	2.93916	3
Gm32592	chr6	94558750	94876588	0.373605	4	56.2097	0.826852	2.66378	3
Gm34933	chr6	103435271	103599070	-0.257717	2	43.7598	0.937429	2.93737	3
Edem1	chr6	104978436	105160202	-0.227211	2	46.8827	0.55937	2.94693	3
Grm7	chr6	106909669	107867142	-0.238828	1	42.9968	0.643025	10.6711	11
Zfp422	chr6	112832740	113557126	-0.292084	1	45.5214	0.833141	2.90862	3
Gm45083	chr6	113557765	113899991	-0.344108	2	42.3704	0.240867	2.70378	3
Gm10319	chr6	117972236	118463739	-0.210717	2	42.8764	0.831497	8.64657	9
Klrg1	chr6	118447429	118708632	-0.247117	1	43.361	0.975867	2.82646	3
Rimklb	chr6	118465030	118755228	-0.213354	2	47.3167	0.684984	2.95879	3
Mfap5	chr6	118684769	118780399	-0.254566	2	46.1923	0.739416	2.94863	3
Clec4a3	chr6	119128836	119292290	-0.230546	2	43.7192	0.969669	2.88197	3
Klrb1a	chr6	124963203	125004650	0.204619	2	58.7118	0.936707	2.90915	3
Clec2g	chr6	125379545	125495243	0.261342	3	63.1254	0.993915	3.69825	4
Klra10	chr6	126574176	127026850	-0.237406	1	28.6968	0.992983	1.94774	3
Nlrp12	chr7	72546	162293	-0.335843	1	16.4381	0.87238	2.72734	3
Pira12	chr7	586556	758706	-0.701506	1	11.1283	0.83176	2.46056	5
Pira13	chr7	586556	781013	-0.58709	1	12.9014	0.83176	3.41612	6
Pira2-ps1	chr7	586556	628469	-0.582497	1	12.6195	0.83176	1.69007	3
Pirb	chr7	586556	628469	-0.582497	1	12.6195	0.83176	1.69007	3
Gm10693	chr7	586556	781013	-0.58709	1	12.9014	0.83176	3.41612	6
Gm15931	chr7	586556	628469	-0.582497	1	12.6195	0.83176	1.69007	3
Lilra6	chr7	586556	781013	-0.58709	1	12.9014	0.83176	3.41612	6
Vmn1r-ps40	chr7	2333986	2394952	0.344962	3	20.3796	0.984536	2.79352	3
Nlrp4c	chr7	3063989	3118872	0.486981	1	35.9927	0.960626	1.63433	3
Clcn4	chr7	4271834	4455934	-0.280313	1	18.774	0.908874	2.11509	3
Nlrp4d	chr7	7409670	7736042	0.245637	3	21.2152	0.978568	2.44163	3
Nlrp5-ps	chr7	11673545	12705916	-0.230792	2	17.9768	0.885812	9.86113	13
Crxos	chr7	13036110	13124674	0.56425	3	33.1024	0.979013	3.75737	5
Psg16	chr7	14347141	14396375	0.249874	3	26.4606	0.672988	2.87939	3
Ceacam5	chr7	15070487	15244787	-0.225823	2	17.5493	0.982765	2.54281	3
Nlrp9b	chr7	17506986	17893936	0.312883	3	24.1233	0.379743	2.87229	3
Ceacam1	chr7	23236599	23337282	0.230169	3	27.3462	0.756673	10.2849	13
Cyp2b13	chr7	23899151	24033961	-0.327573	1	16.0473	0.985024	3.63903	4
Cyp2a4	chr7	24197139	24201966	-0.615102	1	13.2373	0.563663	2.68888	3
Zfp27	chr7	27937277	28006478	0.208479	2	36.1158	0.995969	2.86855	3
Zfp568	chr7	28045121	28685908	0.619584	4	43.3986	0.501412	2.53478	3
Gm44662	chr7	28992652	29307340	-0.236249	1	27.9071	0.976729	4.44732	6
Vmn2r-ps54	chr7	40047507	40229251	-0.251842	2	24.3064	0.722438	2.69021	3
Vmn2r-ps56	chr7	40154875	40342018	-0.319251	2	21.3284	0.996532	2.40218	3
Vmn2r58	chr7	40154875	40377499	-0.265217	2	23.8391	0.996532	3.38913	4
Trpm4	chr7	43739331	44836082	-0.205159	2	30.567	0.978568	2.68546	3
Mrgprc3-ps	chr7	47067510	47278586	0.415991	3	35.4447	0.833776	2.09066	3
Cers3	chr7	65240433	65518887	0.223822	2	44.1148	0.981102	2.56299	3
Chd2	chr7	71677387	72190062	0.323353	2	34.2421	0.970469	2.73585	3
Sv2b	chr7	73742093	74048514	-0.410461	2	25.1203	0.992983	2.51878	3
Trim30d	chr7	102799059	102916487	-0.270492	1	25.5551	0.697958	2.92212	3
Olfr680-ps1	chr7	103494262	103632354	-0.239305	2	23.6258	0.760306	3.81938	4
Gvin-ps6	chr7	104447684	105086845	-0.552936	1	18.1216	0.830697	5.9451	10
Gvin-ps7	chr7	104447684	105105868	-0.43985	1	21.2387	0.830697	6.66804	11
Sox6	chr7	113558699	114699909	-0.202841	2	27.6285	0.467134	2.79001	3
Iqck	chr7	117413075	118359371	-0.226659	2	31.418	0.803871	4.61144	5
Tbc1d10b	chr7	125575570	126067044	-0.225722	2	33.1926	0.654238	2.94955	3
Tnfrsf22	chr7	142547834	142774313	0.210711	2	38.6241	0.998721	4.06862	5
Csmd1	chr8	12834074	14849497	0.388893	3	34.2081	0.967615	2.40617	3
Defb9	chr8	18829353	18843317	-0.377913	1	13.7941	0.996365	2.53734	3
Kcnu1	chr8	22839095	24307266	0.292959	3	29.3519	0.97055	2.60415	3
2810404M03Rik	chr8	38691007	38834886	0.321178	3	27.5387	0.915043	4.32582	5
Marchf1	chr8	61943099	63521262	-0.284743	0	17.7119	0.00488627	4.87345	5
Iqcm	chr8	71800601	72189062	0.326905	3	25.4837	0.881885	2.88701	4
Gm10649	chr8	72752738	73471728	0.219655	2	29.4794	0.98485	2.58061	3
Gab1	chr8	76878764	77315095	0.230895	2	29.7189	0.999681	2.73213	3
A330008L17Rik	chr8	95757969	95921383	0.314978	3	27.7513	0.98485	6.5054	8
Smpd3	chr8	102406771	102631885	0.250226	2	25.1513	0.871013	2.5843	3
St3gal2	chr8	107269213	107332329	-0.326457	2	20.5686	0.899728	2.47527	3
Cdh13	chr8	115436930	116512511	-0.326158	1	18.9739	0.991327	4.62844	5
Def8	chr8	120150711	120225090	-0.214584	1	22.6568	0.77776	2.90381	3
Pgbd5	chr8	121132903	121749612	-0.209482	1	20.1449	0.990771	2.80588	3
Deup1	chr9	11826842	12355689	-0.508398	2	25.6937	0.934953	2.83488	3
Npsr1	chr9	20553552	21047575	0.295307	3	48.3464	0.970469	2.24994	3
Ntm	chr9	26142369	26722745	0.208899	3	35.9631	0.981088	2.67959	3
Hykk	chr9	51356786	52104298	0.308131	3	29.3359	0.849662	2.72438	3
Trip4	chr9	62528893	62792822	0.262036	3	29.7667	0.992967	2.37212	3
Snx1	chr9	62788506	63256965	0.221586	3	32.139	0.857335	2.62312	3
Usp3	chr9	63256222	63453858	0.328993	3	31.7595	0.93445	2.56892	3
Gm15563	chr9	63256222	63453858	0.328993	3	31.7595	0.93445	2.56892	3
Aph1b	chr9	63256975	63497389	0.230559	2	28.1117	0.980131	5.16615	6
Aph1c	chr9	63458917	64341068	0.209396	2	26.3636	0.996918	3.82336	4
Rora	chr9	65195333	66454549	-0.271407	2	19.0183	0.683083	4.5967	5
Fam81a	chr9	66463511	66887754	-0.280919	2	20.0323	0.62675	2.87391	3
Unc13c	chr9	70220066	70991225	0.262977	3	32.3516	0.686655	3.79217	4
Gsta1	chr9	74968989	75134185	-0.289658	3	24.6813	0.987179	4.23376	5
Gsta5	chr9	74968989	75134185	-0.289658	3	24.6813	0.987179	4.23376	5
Trim43a	chr9	85193872	85252977	-0.284041	3	23.5698	0.984072	3.36756	4
Trim43c	chr9	85193872	85252977	-0.284041	3	23.5698	0.984072	3.36756	4
Trim43b	chr9	85193872	85252977	-0.284041	3	23.5698	0.984072	3.36756	4
Cpne4	chr9	101131183	101268571	-0.292932	1	26.3982	0.706235	4.69555	5
Fbxw14	chr9	105403739	105777333	-0.683405	1	13.3978	0.98485	1.78864	3
Fbxl2	chr9	110324399	110495431	-0.348436	1	27.7806	0.710294	2.45755	3
4921528I07Rik	chr9	110527430	110559232	0.31541	3	43.5075	0.853807	2.07624	3
Crtap	chr9	110797413	111018691	0.204659	3	32.2543	0.75207	2.74904	3
Slc22a13	chr9	115663571	115732450	-0.205721	2	29.0117	0.975867	2.84621	3
Nkain2	chr10	28309751	29604286	0.283344	2	32.457	0.823717	6.55314	7
Micu1	chr10	55485731	56264441	0.229435	2	42.4724	0.973623	2.57178	3
Adamts14	chr10	57193257	58290026	-0.294052	2	28.4827	0.66176	3.53501	4
Tdg	chr10	78965817	79789668	0.42186	2	41.8182	0.991327	1.58145	3
Igf1os	chr10	84208795	84511040	-0.330096	2	19.1977	0.885812	3.60698	4
Tph2	chr10	111406237	111562696	-0.222452	1	20.7082	0.728143	2.90751	3
Lgr5	chr10	111681353	112034637	-0.236612	2	20.998	0.782999	2.86633	3
Cnrip1	chr11	13749007	13991369	-0.611017	1	20.7967	0.33044	2.76595	3
Rtn4	chr11	26329518	27144249	0.227667	2	38.5861	0.976019	3.48065	4
Gm12169	chr11	43103006	43288088	0.275424	2	42.3887	0.379901	2.89861	3
Gm12170	chr11	43103006	43288088	0.275424	2	42.3887	0.379901	2.89861	3
BC053393	chr11	43103006	43288088	0.275424	2	42.3887	0.379901	2.89861	3
Rpl9-ps2	chr11	43103006	43288088	0.275424	2	42.3887	0.379901	2.89861	3
Dppa1	chr11	43103006	43288088	0.275424	2	42.3887	0.379901	2.89861	3
Gm12171	chr11	43103006	43288088	0.275424	2	42.3887	0.379901	2.89861	3
Gm4926	chr11	43103006	43288088	0.275424	2	42.3887	0.379901	2.89861	3
Gm12173	chr11	43103006	43288088	0.275424	2	42.3887	0.379901	2.89861	3
Gm12187	chr11	45467174	45939027	0.247352	2	43.1961	0.994715	11.2532	13
Gm12185	chr11	45527281	45663776	0.226772	1	46.0638	0.987179	6.89764	8
Olfr56	chr11	45659566	45939027	0.380892	3	42.9741	0.992815	4.33942	5
Sec24a	chr11	48497560	48809897	0.216501	3	49.0878	0.871013	2.85002	3
Gria1	chr11	53820262	54280673	-0.310422	1	18.2443	0.700548	2.84305	3
Obscn	chr11	55712537	56500703	-0.213729	2	22.3087	0.258837	5.85724	6
Pemt	chr11	56937241	57501379	-0.217579	2	21.604	0.990771	2.57054	3
Ulk2	chr11	58578387	59176464	0.213956	2	27.5771	0.83176	2.86246	3
Myh10	chr11	65818684	66412130	0.260502	3	29.8215	0.980131	2.12866	3
Olfr398	chr11	71038171	71361855	-0.307193	2	32.0798	0.981849	2.88429	3
Asic2	chr11	78020371	80029215	-0.201503	2	34.6363	0.805016	3.21668	4
Krt31	chr11	97509912	97728744	0.238663	2	49.3179	0.853754	2.85851	3
Kcnj16	chr11	108560647	108673665	0.466629	2	40.4907	0.977167	2.71105	3
Hpcal1	chr12	14489892	14654496	-0.320521	2	18.0994	0.929805	2.79111	3
Mboat2	chr12	21679093	22498123	0.30527	3	28.9542	0.992983	2.1579	3
Snx13	chr12	31763154	32174465	0.330633	2	29.5036	0.81331	2.60951	3
Agmo	chr12	33928031	34302042	0.323859	2	23.9204	0.879833	4.4564	5
Zfp277	chr12	36942380	37972716	-0.390879	2	17.4254	0.978568	2.81098	3
Immp2l	chr12	37859219	38615505	-0.293864	1	18.8304	0.00126322	8.59726	9
Nubpl	chr12	48421612	49495579	0.22659	2	23.1154	0.980131	2.50657	3
Srp54c	chr12	51466732	51515818	-0.360975	1	15.1158	0.962964	3.95035	5
Fam177a	chr12	51544043	52237020	-0.369004	1	17.4123	0.811122	3.58224	4
Lrfn5	chr12	57727665	58171635	-0.257828	1	16.6507	0.687577	4.64794	5
Fut8	chr12	73189252	73516075	0.22842	3	24.3027	0.802173	2.88866	3
Samd15	chr12	83185909	83333113	0.293814	2	32.1515	0.992815	2.67101	3
Ifi27l2b	chr12	99359570	99552530	-0.232195	2	20.6505	0.988331	3.82568	4
Gm8895	chr12	99662411	99915056	-0.2984	1	15.1399	0.992983	5.13066	10
Serpina5	chr12	100051415	100243079	0.262842	2	34.0066	0.894506	2.87462	4
Tcl1b2	chr12	101249558	101461620	-0.223681	2	21.2619	0.729204	4.40103	5
Tunar	chr12	101461630	101879487	-0.251861	2	19.8449	0.894199	2.7592	3
Hsp90aa1	chr12	106965980	107116486	0.285318	5	32.9912	0.899115	1.72802	3
Itgb8	chr12	115666486	115788317	0.200051	2	26.0513	0.99491	2.89594	3
Gpr137b-ps	chr13	9645567	9652133	-0.478384	1	23.8155	0.957412	2.4469	3
Nid1	chr13	9735081	10144828	-0.203764	2	31.5023	0.79089	2.95277	3
Trgc3	chr13	15450383	15452453	-0.357615	1	22.3686	0.999124	2.08672	3
Tubb2b	chr13	30396728	30998298	0.382418	3	28.2073	0.987179	2.34122	3
Cks2	chr13	48053685	48810295	0.5689	2	51.5967	0.99684	3.33719	4
Gm2762	chr13	49842008	50439880	-0.377907	1	31.0377	0.938328	2.28033	3
Cdhr2	chr13	51085860	51257628	-0.256215	2	39.0147	0.656557	2.78688	3
Eif4e1b	chr13	51179814	51666128	-0.260851	1	37.8717	0.733963	2.7787	3
Gm5141	chr13	59391132	59440279	0.459632	3	59.187	0.979013	2.24243	3
Cntnap3	chr13	61314513	61954187	-0.298005	1	29.6972	0.866127	2.28484	3
Gm28041	chr13	63949653	63973351	0.268211	4	56.1163	0.970469	2.27574	3
Zfp456	chr13	63949653	63973351	0.268211	4	56.1163	0.970469	2.27574	3
Tent4a	chr13	66026431	66689488	0.250174	2	41.4703	0.836308	2.71908	3
Slf1	chr13	73687115	73931917	-0.208778	2	26.6696	0.689556	2.90668	3
2210408I21Rik	chr13	73794297	74358553	-0.218095	2	26.36	0.869426	4.84614	5
Gm5096	chr13	90016634	90155240	-0.249605	1	27.9416	0.997309	2.82385	3
Dmgdh	chr13	90040091	90172234	-0.278747	2	28.5596	0.602581	2.68471	3
Fcho2	chr13	95166503	95271347	0.373969	2	33.6588	0.992967	2.69118	3
Thrb	chr14	9851379	10216156	0.235673	3	34.7981	0.798756	3.8275	4
Ube2e2	chr14	10592349	11285940	-0.238754	2	28.2449	0.979013	3.90336	4
Vcl	chr14	13120036	13380057	0.202627	3	35.3987	0.910331	3.85476	4
4933413J09Rik	chr14	18635727	19800212	0.241617	3	36.2132	0.766814	2.88314	3
Slmapos2	chr14	18635727	19800212	0.241617	3	36.2132	0.766814	2.88314	3
Mat1a	chr14	33248635	34315468	-0.222351	2	28.919	0.957494	2.154	3
Gm16976	chr14	37030895	37524401	0.426412	3	44.0281	0.995969	2.24824	3
Armh4	chr14	41696676	42004418	-0.217854	2	28.4263	0.839863	3.88501	4
Trav8n-2	chr14	45532731	45539767	0.549231	3	70.4317	0.937759	2.38239	3
Trav8d-2	chr14	45532731	45539767	0.549231	3	70.4317	0.937759	2.38239	3
Trav8-2	chr14	45532731	45539767	0.549231	3	70.4317	0.937759	2.38239	3
Phf11d	chr14	51532597	51656388	-0.206721	1	34.8488	0.974018	3.9393	5
Tnfrsf10b	chr14	61845888	61918713	0.278642	3	38.3705	0.507653	2.87788	3
Gm15574	chr14	61845888	61918713	0.278642	3	38.3705	0.507653	2.87788	3
Lrch1	chr14	66542214	67355683	-0.340852	2	26.6287	0.956205	2.88358	3
Klhl1	chr14	88017846	88362943	0.441642	5	29.0592	0.563862	2.69303	3
Dach1	chr14	89490908	90428757	0.358689	2	31.5859	0.967886	2.70805	3
Ednrb	chr14	95386174	95559698	-0.243289	2	25.8482	0.772951	2.78635	3
Clybl	chr14	113740676	113908819	-0.209692	1	30.7235	0.933905	2.91086	3
Ctnnd2	chr15	26635349	27457829	-0.223196	2	46.0154	0.93439	4.86435	5
Sdc2	chr15	29181868	29523274	-0.249431	1	34.4688	0.803871	2.6625	3
Stk3	chr15	31386028	31698385	0.273251	3	41.3289	0.978674	2.74898	3
Gsdmcl1	chr15	59699959	59787610	-0.282327	3	33.8536	0.999681	6.95102	11
Gsdmcl-ps	chr15	59699959	60408003	-0.219961	3	37.225	0.999681	8.37487	13
1700065I16Rik	chr15	59699959	59731948	-0.252039	3	34.7146	0.999681	3.86854	6
Apol7a	chr15	73279722	73312043	0.224954	3	49.0464	0.915043	2.84779	3
Apol7c	chr15	73279722	73333099	0.239043	3	49.0715	0.915043	4.66721	5
Apol7b	chr15	73291955	73350684	0.28462	3	50.4244	0.978568	5.63181	6
Krt86	chr15	97837306	98001044	0.330728	4	30.9241	0.852923	2.57454	3
Rbfox1	chr16	3542661	4175569	0.38232	2	31.2827	0.857335	2.75234	3
Txnrd2	chr16	14776613	15111641	-0.262303	2	28.3536	0.761639	2.16687	3
MGP_FVBNJ_G0036178	chr16	17378073	17448173	0.243184	3	35.4662	0.921165	2.80761	3
Teddm3	chr16	17378073	17448173	0.243184	3	35.4662	0.921165	2.80761	3
2510009E07Rik	chr16	17789511	18418061	-0.251699	2	29.1316	0.856708	2.81035	3
Col8a1	chr16	53855361	54012805	0.379791	2	12.7322	0.928856	3.35107	4
Cpox	chr16	54871153	55233794	-0.260745	1	10.9736	0.73999	2.87424	3
Ncam2	chr16	76875932	77508399	-0.235357	2	10.5557	0.421507	3.86252	4
Gm10785	chr16	87262217	87661511	-0.248633	2	23.4052	0.917903	3.42769	4
Cryzl1	chr16	87262217	87661511	-0.248633	2	23.4052	0.917903	3.42769	4
Brwd1	chr16	91795896	93144053	0.260413	3	28.1384	0.947666	5.65052	6
Vmn2r97	chr17	16361645	16979747	-0.361565	1	23.809	0.985691	1.90965	3
Vmn2r130	chr17	20565103	20586838	0.41249	3	28.7157	0.867505	2.74614	3
Gm18416	chr17	20700315	20710526	-0.482091	1	16.0128	0.88555	3.49419	5
Gm18396	chr17	20701564	20710526	-0.991311	1	10.5225	0.93338	1.80177	3
Dcpp3	chr17	21443273	21538023	-0.29832	2	27.8415	0.654839	1.81121	3
Hspa1a	chr17	33097882	33163322	-0.282079	1	31.275	0.935804	2.71846	3
H2-Q5	chr17	33412929	33610629	0.389897	3	44.097	0.978583	2.75791	4
Ddr1	chr17	33886915	34054308	-0.30334	1	31.2551	0.915468	2.91103	3
Gm4577	chr17	33886915	34054308	-0.30334	1	31.2551	0.915468	2.91103	3
2410017I17Rik	chr17	34291378	34445467	-0.215164	3	25.0482	0.997011	2.43757	3
Gm8815	chr17	34291378	34445467	-0.215164	3	25.0482	0.997011	2.43757	3
Gm17782	chr17	34291378	34445467	-0.215164	3	25.0482	0.997011	2.43757	3
Esp18	chr17	37554416	37646250	0.386509	4	40.03	0.859236	2.16207	3
Crisp1	chr17	38547770	38612996	0.539068	3	47.1078	0.981102	3.07335	5
Runx2	chr17	42653071	43462635	0.228262	2	38.6595	0.902218	2.85559	3
9830107B12Rik	chr17	46372461	46531045	0.217077	2	45.6265	0.496015	3.96032	5
A530064D06Rik	chr17	46500800	46531045	0.35053	3	49.2678	0.985024	2.96692	4
MGP_FVBNJ_G0039433	chr17	52109032	52291695	-0.207509	1	27.5734	0.853141	5.7504	6
Gm17538	chr17	76033990	76059752	-0.312366	1	21.6607	0.963204	2.52472	3
Dsg1c	chr18	16733513	16884360	0.349028	2	46.217	0.957096	2.86757	3
Klhl14	chr18	18145283	18572688	0.214151	2	42.4429	0.960297	2.55633	3
Ap3s1	chr18	43120210	43361764	0.269466	3	47.3137	0.541541	2.84131	3
St8sia3os	chr18	60444409	60680689	-0.212094	2	19.797	0.864444	2.9436	3
Onecut2	chr18	60608663	61297255	-0.200835	1	20.9947	0.574249	2.89908	3
Dok6	chr18	85509014	86076708	0.234716	3	24.9644	0.922988	3.03221	4
Fau	chr19	2917231	3196114	-0.215356	1	32.2583	0.980131	2.78957	3
Gm9843	chr19	2917231	3196114	-0.215356	1	32.2583	0.980131	2.78957	3
Ms4a4b	chr19	8293578	8587715	-0.270456	1	27.3914	0.976019	3.33636	4
Prkg1	chr19	27388276	28783726	0.21749	2	35.625	0.981849	4.4967	5
Lipo1	chr19	30614739	30907436	0.358405	3	34.1402	0.725889	2.80413	3
Gm8980	chr19	30614739	30907436	0.358405	3	34.1402	0.725889	2.80413	3
Lipo5	chr19	30614739	30907436	0.358405	3	34.1402	0.725889	2.80413	3
Nudt11	chrX	640985	788846	-0.303117	1	26.3956	0.960297	2.39552	3
Gm14820	chrX	2556914	2715886	-0.214317	1	31.1136	0.825428	2.93203	3
Tspan7	chrX	5140384	5278214	0.255257	3	36.0313	0.97818	2.73001	3
Efhc2	chrX	11986158	12093008	-0.256294	1	25.1744	0.993598	2.65571	3
Kdm6a	chrX	12924785	13021140	0.306749	3	27.525	0.853754	3.21067	4
Wdr44	chrX	18363667	18480762	0.311242	3	34.1114	0.745251	4.62852	5
Slc25a43	chrX	31300832	31385704	-0.299991	2	27.6993	0.981849	2.55114	3
Slc25a5	chrX	31332567	31738018	-0.311596	2	27.8204	0.831497	2.55986	3
Nkap	chrX	31710746	31793041	-0.260833	2	28.6034	0.857141	2.85387	3
Rhox3e	chrX	32091228	32131273	0.225695	3	40.029	0.884221	4.87357	7
6030498E09Rik	chrX	33370326	33592216	-0.2606	1	27.2794	0.990254	5.16821	6
Gm29242	chrX	41062623	41443117	-0.232848	1	26.2913	0.741165	8.60322	9
Rbmx2	chrX	43288621	43327295	0.305511	5	17.932	0.715677	2.48732	3
4933416I08Rik	chrX	48070498	48119501	-0.217109	2	13.2641	0.889802	2.89285	3
Tm9sf5	chrX	52089029	52245532	-0.307643	1	10.15	0.675869	4.272	5
1700111N16Rik	chrX	64692912	64917474	0.383656	3	15.6348	0.854548	8.96369	10
Mtm1	chrX	66023878	66070914	-0.452412	2	9.1894	0.858563	3.42264	4
Vma21	chrX	66561420	66627413	-0.276068	1	10.3719	0.821767	2.88036	3
Gm20455	chrX	68009692	69644140	-0.230778	1	12.1334	0.984536	34.4893	44
Pdzd4	chrX	68582153	68607948	-0.328997	1	10.8261	0.583412	2.82984	3
Opn1mw	chrX	68919155	68954475	-0.374486	3	10.7107	0.976019	2.75071	3
Prrg1	chrX	73231714	73423857	0.241631	2	10.9931	0.980131	3.71256	4
Cfap47	chrX	74074063	74404042	0.230528	1	11.7244	0.782999	14.6748	16
Dmd	chrX	77947970	80307193	0.216821	1	12.018	0.981849	50.1226	55
Hsf3	chrX	91444235	91699590	-0.220915	2	10.5985	0.963204	2.9283	3
Snx12	chrX	96191272	96470125	-0.257377	1	11.748	0.710037	3.88805	4
Dmrtc1b	chrX	97831649	97847292	-0.424558	2	11.7266	0.974659	2.03851	3
Gm9133	chrX	97831649	97847292	-0.424558	2	11.7266	0.974659	2.03851	3
Gm9126	chrX	97831649	97912851	-0.38076	2	10.7741	0.974659	12.5774	16
Gm9119	chrX	97831649	97912851	-0.38076	2	10.7741	0.974659	12.5774	16
Nexmif	chrX	99230717	99360177	-0.489998	2	8.65455	0.98544	4.41154	5
Zdhhc15	chrX	99721170	99883977	0.236306	2	12.5042	0.976337	4.58149	5
Gm6325	chrX	101601362	101729355	-0.299423	1	9.96745	0.964158	3.18269	4
Pof1b	chrX	107818041	107860924	0.447209	5	13.3511	0.27046	2.44309	3
Gm14936	chrX	108133230	108188283	0.331329	2	13.8975	0.889886	3.93661	5
Chm	chrX	108208111	108425940	-0.358949	2	8.68603	0.99317	2.5375	3
Diaph2	chrX	124931322	125764726	0.247152	2	11.7523	0.778256	17.2583	19
Gm6228	chrX	130730688	130744841	-0.364288	1	9.49235	0.697014	4.53811	5
Gm6221	chrX	130730688	130744841	-0.364288	1	9.49235	0.697014	4.53811	5
Slc25a53	chrX	132301590	132436478	-0.250363	2	11.8125	0.878804	2.87053	3
Esx1	chrX	132451238	132508359	-0.429277	1	9.44005	0.902218	2.28385	3
Col4a6	chrX	136435656	136740765	0.315272	3	14.9327	0.771943	2.83102	3
Pak3	chrX	138896422	139127101	0.213669	2	16.7454	0.880089	2.8498	3
Trpc5	chrX	139722346	139869239	0.202601	3	12.1708	0.665717	1.84964	3
Htr2c	chrX	142110444	142351925	0.300384	2	11.993	0.93338	7.1117	8
Lrch2	chrX	142603165	142720368	0.21397	2	13.5727	0.975867	2.8453	3
Itih5l-ps	chrX	146005802	146138958	-0.267918	1	11.9137	0.833253	2.91118	3
Gnl3l	chrX	146140804	146225378	-0.341137	1	10.7365	0.663157	2.88218	3
Fgd1	chrX	146199719	146405171	-0.317753	1	11.2734	0.563663	2.88879	3
Wnk3	chrX	146311514	146497640	-0.266497	1	10.8551	0.865027	3.75942	4
Shroom2	chrX	147760402	147990070	-0.338228	1	10.6803	0.94026	5.4384	6
9530051G07Rik	chrX	148204599	148272157	-0.225709	2	11.488	0.975836	2.88406	3
Cldn34b1	chrX	150160998	150424978	-0.23172	1	11.9541	0.940867	4.95205	7
Acot9	chrX	150551928	150585090	0.266579	3	15.696	0.971575	2.81671	3
Syap1	chrX	158116053	158197150	-0.296416	1	11.0235	0.944524	2.81431	3
Egfl6	chrX	161669200	161937957	-0.259893	2	11.8076	0.807131	4.77109	5
