gene	chromosome	start	end	log2	cn	depth	p_bintest	weight	probes
Gm38178	chr1	8180177	8270723	-0.348517	2	23.5904	0.517979	1.95933	2
Kcnb2	chr1	12314020	16278571	-0.529075	1	27.8506	0.853431	1.88699	2
Fam135a	chr1	20729035	20859560	0.214133	3	24.0757	0.271069	1.98849	2
Gm37580	chr1	20729035	20859560	0.214133	3	24.0757	0.271069	1.98849	2
Gm26607	chr1	20729035	20859560	0.214133	3	24.0757	0.271069	1.98849	2
Col9a1	chr1	20794258	21072313	0.273292	3	25.0334	0.639713	1.982	2
Ptp4a1	chr1	27475229	28614797	0.266934	3	61.8693	0.848522	1.97773	2
MGP_FVBNJ_G0009299	chr1	34453712	38372645	-0.489482	1	15.8698	0.683971	1.90481	2
Nck2	chr1	40024316	40332276	0.294588	3	32.4745	0.640133	2.97102	3
Gm38228	chr1	40024316	40131173	0.290641	3	32.5045	0.640133	1.97682	2
Ecrg4	chr1	40131340	40349921	0.287385	3	32.1428	0.0380135	1.97957	2
Gm29155	chr1	40131340	40349921	0.287385	3	32.1428	0.0380135	1.97957	2
Gm29157	chr1	40131340	40349921	0.287385	3	32.1428	0.0380135	1.97957	2
Gm29156	chr1	40131340	40349921	0.287385	3	32.1428	0.0380135	1.97957	2
Uxs1	chr1	40131340	40404416	0.296918	3	32.6514	0.0380135	2.96266	3
Gm16103	chr1	40131340	40349921	0.287385	3	32.1428	0.0380135	1.97957	2
Gm19587	chr1	40368063	43083886	0.418084	3	28.3947	0.719132	1.91695	2
Slc39a10	chr1	43423895	44631285	-0.3446	2	17.1589	0.126537	2.89826	3
Gm28151	chr1	43423895	44631285	-0.3446	2	17.1589	0.126537	2.89826	3
Gm37393	chr1	43423895	44631285	-0.3446	2	17.1589	0.126537	2.89826	3
Gm28527	chr1	43423895	44631285	-0.3446	2	17.1589	0.126537	2.89826	3
Gm23460	chr1	48908252	49820619	0.255105	2	36.7383	0.589829	1.98168	2
Nab1	chr1	48908252	49820619	0.255105	2	36.7383	0.589829	1.98168	2
Pms1	chr1	49751755	49908484	0.254157	3	36.836	0.591976	1.978	2
Ormdl1	chr1	49751755	49908484	0.254157	3	36.836	0.591976	1.978	2
Gm28778	chr1	49751755	49908484	0.254157	3	36.836	0.591976	1.978	2
Osgepl1	chr1	49751755	49908484	0.254157	3	36.836	0.591976	1.978	2
Gm28551	chr1	49751755	50057937	0.512495	3	36.985	0.591976	2.83574	3
Gm18800	chr1	49751755	50057937	0.512495	3	36.985	0.591976	2.83574	3
Asnsd1	chr1	49821403	50057937	0.618348	2	30.3037	0.982887	1.84854	2
Gm18849	chr1	49821403	50057937	0.618348	2	30.3037	0.982887	1.84854	2
Gm28779	chr1	49821403	50057937	0.618348	2	30.3037	0.982887	1.84854	2
Gm6799	chr1	49821403	50057937	0.618348	2	30.3037	0.982887	1.84854	2
Gm6801	chr1	49821403	50057937	0.618348	2	30.3037	0.982887	1.84854	2
Casp8	chr1	55466855	55524671	0.364325	3	59.3945	0.939275	1.95293	2
Crygf	chr1	62487437	62509234	-0.339444	3	18.364	0.108453	1.8299	2
Gm8809	chr1	62598117	62738748	0.252552	3	23.4857	0.0134588	1.99009	2
Gm15659	chr1	62598117	62738748	0.252552	3	23.4857	0.0134588	1.99009	2
Gm8812	chr1	62598117	62738748	0.252552	3	23.4857	0.0134588	1.99009	2
Unc80	chr1	63198650	68423664	-0.385332	2	15.1638	0.847206	1.92617	2
Gm37181	chr1	63198650	68423664	-0.385332	2	15.1638	0.847206	1.92617	2
Rpe	chr1	63198650	68423664	-0.385332	2	15.1638	0.847206	1.92617	2
Kansl1l	chr1	63198650	68423664	-0.385332	2	15.1638	0.847206	1.92617	2
Gm37570	chr1	63198650	68423664	-0.385332	2	15.1638	0.847206	1.92617	2
Gm38387	chr1	63198650	68423664	-0.385332	2	15.1638	0.847206	1.92617	2
Gm38162	chr1	63198650	68423664	-0.385332	2	15.1638	0.847206	1.92617	2
Gm15789	chr1	63198650	68423664	-0.385332	2	15.1638	0.847206	1.92617	2
Gm37285	chr1	63198650	68423664	-0.385332	2	15.1638	0.847206	1.92617	2
Gm37755	chr1	63198650	68423664	-0.385332	2	15.1638	0.847206	1.92617	2
Gm38218	chr1	63198650	68423664	-0.385332	2	15.1638	0.847206	1.92617	2
Acadl	chr1	63198650	68423664	-0.385332	2	15.1638	0.847206	1.92617	2
Gm27934	chr1	63198650	68423664	-0.385332	2	15.1638	0.847206	1.92617	2
Gm25832	chr1	63198650	68423664	-0.385332	2	15.1638	0.847206	1.92617	2
Hjurp	chr1	84715661	90457421	-0.971615	0	18.2539	0.241441	1.78041	2
Gal3st2	chr1	90456366	92110848	-0.499698	1	13.886	0.920707	1.88885	2
Gal3st2b	chr1	90456366	92110848	-0.499698	1	13.886	0.920707	1.88885	2
Gm7889	chr1	90456366	92110848	-0.499698	1	13.886	0.920707	1.88885	2
St8sia4	chr1	92066278	94295562	-0.240923	2	17.0245	0.939275	1.97396	2
Pam	chr1	94287808	95480978	-0.342838	1	16.1284	0.894872	3.8974	4
4933436E23Rik	chr1	135514840	135698411	-0.372361	2	18.7658	0.915767	1.9132	2
Gm34816	chr1	135514840	135698411	-0.372361	2	18.7658	0.915767	1.9132	2
Zbtb41	chr1	135514840	135698411	-0.372361	2	18.7658	0.915767	1.9132	2
Aspm	chr1	135514840	135698411	-0.372361	2	18.7658	0.915767	1.9132	2
F13b	chr1	135514840	135698411	-0.372361	2	18.7658	0.915767	1.9132	2
Odr4	chr1	146239928	167629261	-0.587625	2	15.1924	0.987763	1.88181	2
Cd84	chr1	167628819	169646137	-0.801137	1	10.9757	0.292006	1.84213	2
Gm18445	chr1	169645397	170131013	-0.631857	1	12.1433	0.599964	1.87185	2
MGP_FVBNJ_G0009541	chr2	5327362	5691369	-0.250351	2	25.2627	0.0258463	1.99117	2
Gm13255	chr2	5510782	5751588	-0.273418	1	25.4167	0.0964601	1.98699	2
1700061F12Rik	chr2	5981106	6890727	-0.228285	2	26.7246	0.335365	1.99178	2
Dnajc1	chr2	15046921	15460116	-0.25529	2	20.2446	0.209112	1.97906	2
Gm13349	chr2	15046921	15460116	-0.25529	2	20.2446	0.209112	1.97906	2
Bmi1	chr2	15452993	21905998	-0.47617	1	16.467	0.741581	1.88125	2
Vav2	chr2	23992296	29306479	-0.473575	1	14.0708	0.246749	1.93571	2
Ttll11	chr2	32822726	33209452	-0.205672	1	17.1382	0.653512	1.92899	2
Gm28635	chr2	80841864	82503211	-0.569305	2	15.3956	0.945798	1.91406	2
Btbd18	chr2	80841864	82503211	-0.569305	2	15.3956	0.945798	1.91406	2
Tmx2	chr2	80841864	82503211	-0.569305	2	15.3956	0.945798	1.91406	2
Med19	chr2	80841864	82503211	-0.569305	2	15.3956	0.945798	1.91406	2
Zdhhc5	chr2	80841864	82503211	-0.569305	2	15.3956	0.945798	1.91406	2
MGP_FVBNJ_G0036421	chr2	80841864	82503211	-0.569305	2	15.3956	0.945798	1.91406	2
MGP_FVBNJ_G0037498	chr2	80841864	82503211	-0.569305	2	15.3956	0.945798	1.91406	2
Lin7c	chr2	105940531	107438814	-0.417634	2	14.9046	0.67134	1.90685	2
Platr8	chr2	105940531	107438814	-0.417634	2	14.9046	0.67134	1.90685	2
Lgr4	chr2	105940531	107438814	-0.417634	2	14.9046	0.67134	1.90685	2
Dph6	chr2	110532484	114267980	-0.430841	2	15.5711	0.845106	1.88123	2
Gm13972	chr2	110532484	114267980	-0.430841	2	15.5711	0.845106	1.88123	2
Gm13975	chr2	110532484	114267980	-0.430841	2	15.5711	0.845106	1.88123	2
Fsip1	chr2	114267702	117544627	-0.523401	1	12.2288	0.842369	1.86773	2
Gm14018	chr2	117538385	126278954	-0.416988	1	13.2877	0.812771	1.91217	2
Tmc2	chr2	126278549	128546152	-0.598053	1	11.2085	0.975699	1.84934	2
Bpifb9a	chr2	150262694	151776082	-0.36986	3	25.3881	0.893829	1.80056	2
Bpifb9b	chr2	150262694	151776082	-0.36986	3	25.3881	0.893829	1.80056	2
Zfp663	chr2	161507748	173787296	-0.458972	1	16.6072	0.847206	1.91668	2
Gm34599	chr3	30490669	30623969	0.238227	2	23.6644	0.858217	1.98112	2
Gm20515	chr3	30490669	30623969	0.238227	2	23.6644	0.858217	1.98112	2
Mfsd8	chr3	36736280	36778058	-0.615369	1	13.8695	0.987099	1.88135	2
Abhd18	chr3	36736280	37033876	-0.46593	1	15.209	0.987099	3.83787	4
1700034I23Rik	chr3	36776781	36809093	-0.608495	1	14.2297	0.290795	1.90781	2
Nbea	chr3	51384382	55892863	-0.213003	2	17.6463	0.915767	1.98319	2
Mbnl1	chr3	55937128	56544227	-0.567649	1	13.9693	0.740639	2.7986	3
Gm37589	chr3	56016278	56544227	-0.737473	1	11.7802	0.715315	1.80993	2
Gm37488	chr3	56016278	56544227	-0.737473	1	11.7802	0.715315	1.80993	2
4931440P22Rik	chr3	60891328	76085389	-0.246995	1	17.9621	0.913775	1.9682	2
Cd5l	chr3	82260401	85879811	0.246839	2	23.9696	0.943539	1.97686	2
Fcrl1	chr3	82260401	85879811	0.246839	2	23.9696	0.943539	1.97686	2
MGP_FVBNJ_G0037585	chr3	91493356	91612652	-0.42228	1	14.0637	0.636889	1.92614	2
MGP_FVBNJ_G0037586	chr3	91493356	91612652	-0.42228	1	14.0637	0.636889	1.92614	2
Sec24d	chr3	118184029	129061088	-0.520921	2	15.9011	0.971763	1.83196	2
Mettl14	chr3	118184029	129061088	-0.520921	2	15.9011	0.971763	1.83196	2
Gm22713	chr3	118184029	129061088	-0.520921	2	15.9011	0.971763	1.83196	2
Gm35065	chr3	118184029	129061088	-0.520921	2	15.9011	0.971763	1.83196	2
Prss12	chr3	118184029	129061088	-0.520921	2	15.9011	0.971763	1.83196	2
Snhg8	chr3	118184029	129061088	-0.520921	2	15.9011	0.971763	1.83196	2
Snora24	chr3	118184029	129061088	-0.520921	2	15.9011	0.971763	1.83196	2
Gm9369	chr3	118184029	129061088	-0.520921	2	15.9011	0.971763	1.83196	2
H2az1	chr3	132498302	152586906	-0.88806	1	11.189	0.85536	1.71358	2
Tmem67	chr4	8304075	8380481	-0.318545	2	20.7418	0.809896	1.95001	2
Gm11906	chr4	21104133	31444289	0.235058	3	29.1019	0.88649	2.96406	3
Astn2	chr4	61623805	62378558	-0.226209	2	20.9558	0.0692677	1.99052	2
Gm25480	chr4	62309155	64509347	-0.271174	1	19.7214	0.250714	1.98213	2
Gm11224	chr4	65653126	66305053	-0.273674	1	16.7377	0.00777772	1.98769	2
Ptprd	chr4	72923492	80080764	-0.310746	2	15.1734	0.811931	2.9149	3
Bnc2	chr4	79882581	90809373	-0.552274	2	15.0913	0.992964	1.85765	2
Gm12421	chr4	79882581	90809373	-0.552274	2	15.0913	0.992964	1.85765	2
Gm12880	chr4	117039236	118446153	0.214412	3	27.2879	0.90208	1.97881	2
Snip1	chr4	120770887	129921687	-0.626058	1	12.3088	0.716938	1.85667	2
Gm12984	chr4	131252559	131959353	-0.213558	2	16.7978	0.224193	1.98634	2
Gm12982	chr4	131252559	131959353	-0.213558	2	16.7978	0.224193	1.98634	2
Srrm1	chr4	131252559	131959353	-0.213558	2	16.7978	0.224193	1.98634	2
Hmgcl	chr4	131922938	134602026	-0.403289	2	14.8261	0.971763	1.92379	2
Gale	chr4	131922938	134602026	-0.403289	2	14.8261	0.971763	1.92379	2
Lypla2	chr4	131922938	134602026	-0.403289	2	14.8261	0.971763	1.92379	2
Pithd1	chr4	131922938	134602026	-0.403289	2	14.8261	0.971763	1.92379	2
Efhd2	chr4	138146564	140349043	-0.220617	3	17.3858	0.547084	1.91759	2
Gm29367	chr4	138146564	140349043	-0.220617	3	17.3858	0.547084	1.91759	2
Fhad1os2	chr4	138146564	140349043	-0.220617	3	17.3858	0.547084	1.91759	2
Fhad1	chr4	138146564	140349043	-0.220617	3	17.3858	0.547084	1.91759	2
Gm13059	chr4	138146564	140349043	-0.220617	3	17.3858	0.547084	1.91759	2
Fhad1os1	chr4	138146564	140349043	-0.220617	3	17.3858	0.547084	1.91759	2
4930455G09Rik	chr4	138146564	140349043	-0.220617	3	17.3858	0.547084	1.91759	2
Tmem51	chr4	138146564	140349043	-0.220617	3	17.3858	0.547084	1.91759	2
Gm13053	chr4	138146564	140349043	-0.220617	3	17.3858	0.547084	1.91759	2
Tmem51os1	chr4	138146564	140349043	-0.220617	3	17.3858	0.547084	1.91759	2
Kazn	chr4	138146564	140349043	-0.220617	3	17.3858	0.547084	1.91759	2
Gm13062	chr4	138146564	140349043	-0.220617	3	17.3858	0.547084	1.91759	2
Gm13052	chr4	138146564	140349043	-0.220617	3	17.3858	0.547084	1.91759	2
Pramel16	chr4	140348443	140412440	-0.792377	1	9.9523	0.820868	1.80299	2
Aadacl4fm4	chr4	141098492	143593860	-0.671463	2	12.9623	0.911353	1.8198	2
Cdk6	chr5	240639	514804	-0.215946	2	17.8206	0.801956	1.98727	2
Gm42435	chr5	240639	514804	-0.215946	2	17.8206	0.801956	1.98727	2
Fam133b	chr5	240639	514804	-0.215946	2	17.8206	0.801956	1.98727	2
Gm43017	chr5	240639	514804	-0.215946	2	17.8206	0.801956	1.98727	2
MGP_FVBNJ_G0036454	chr5	240639	514804	-0.215946	2	17.8206	0.801956	1.98727	2
1700109H08Rik	chr5	240639	514804	-0.215946	2	17.8206	0.801956	1.98727	2
Rbm48	chr5	240639	514804	-0.215946	2	17.8206	0.801956	1.98727	2
2510017J16Rik	chr5	240639	514804	-0.215946	2	17.8206	0.801956	1.98727	2
Pex1	chr5	240639	514804	-0.215946	2	17.8206	0.801956	1.98727	2
Ankib1	chr5	466526	657601	-0.311659	2	16.375	0.265415	1.97933	2
Gm43679	chr5	466526	657601	-0.311659	2	16.375	0.265415	1.97933	2
Zcchc4	chr5	49393062	49612437	-0.650707	1	15.5188	0.985661	1.73146	2
Gm23015	chr5	53652755	69031951	-0.544745	1	16.4751	0.641824	1.83452	2
Adgrl3	chr5	77873166	91490005	-0.794942	1	11.8484	0.918228	1.83146	2
Gm34086	chr5	121564458	122079635	-0.535724	1	13.7322	0.848366	1.89257	2
Gm43661	chr5	121564458	122079635	-0.535724	1	13.7322	0.848366	1.89257	2
Gm4868	chr5	123358941	149462173	0.219752	3	29.8327	0.116833	2.98562	3
Kl	chr5	149026839	149705687	0.270262	2	33.9624	0.0611403	1.98753	2
Gm8675	chr5	149026839	149705687	0.270262	2	33.9624	0.0611403	1.98753	2
Stard13	chr5	149026839	149705687	0.270262	2	33.9624	0.0611403	1.98753	2
Gm42906	chr5	149026839	149705687	0.270262	2	33.9624	0.0611403	1.98753	2
5430435K18Rik	chr5	149026839	149705687	0.270262	2	33.9624	0.0611403	1.98753	2
Gm7041	chr5	149026839	149705687	0.270262	2	33.9624	0.0611403	1.98753	2
Vmn2r18	chr5	149690124	149783391	0.305818	3	35.0881	0.105245	1.98119	2
Gm43228	chr6	15186209	16183709	-0.54718	2	11.7999	0.955329	1.91703	2
Gm5874	chr6	15186209	16183709	-0.54718	2	11.7999	0.955329	1.91703	2
Gm5302	chr6	21381568	29550654	-0.410916	2	15.7146	0.900321	1.93156	2
D630045J12Rik	chr6	34527947	34932869	-1.26398	0	7.91443	0.268986	1.53576	2
Luc7l2	chr6	34932425	37549508	-0.430643	1	14.4668	0.645262	1.91277	2
Sva	chr6	38342707	40328512	-0.261081	3	16.6752	0.988074	1.90497	2
Nfe2l3	chr6	47783376	48630612	-0.58342	2	15.0654	0.711892	1.82611	2
Hoxa13	chr6	48630362	55357721	-0.544207	1	15.4132	0.649867	1.82908	2
Herc3	chr6	55176668	56435963	-0.504654	2	15.4831	0.915767	1.82206	2
Nap1l5	chr6	55176668	56435963	-0.504654	2	15.4831	0.915767	1.82206	2
Fam13a	chr6	55176668	56435963	-0.504654	2	15.4831	0.915767	1.82206	2
Gm45060	chr6	55176668	56435963	-0.504654	2	15.4831	0.915767	1.82206	2
BB365896	chr6	55176668	56435963	-0.504654	2	15.4831	0.915767	1.82206	2
Gm45061	chr6	55176668	56435963	-0.504654	2	15.4831	0.915767	1.82206	2
Gm5570	chr6	56435548	57656255	-0.564176	1	14.4611	0.825439	1.81861	2
Smyd1	chr6	67672241	74005096	-0.254744	2	20.0223	0.997818	1.99377	2
Mir8112	chr6	67672241	74005096	-0.254744	2	20.0223	0.997818	1.99377	2
Krcc1	chr6	67672241	74005096	-0.254744	2	20.0223	0.997818	1.99377	2
Gm44321	chr6	67672241	74005096	-0.254744	2	20.0223	0.997818	1.99377	2
Gm1070	chr6	67672241	74005096	-0.254744	2	20.0223	0.997818	1.99377	2
Cd8b1	chr6	67672241	74005096	-0.254744	2	20.0223	0.997818	1.99377	2
Gm44110	chr6	67672241	74005096	-0.254744	2	20.0223	0.997818	1.99377	2
Gm44111	chr6	67672241	74005096	-0.254744	2	20.0223	0.997818	1.99377	2
Gm44174	chr6	67672241	74005096	-0.254744	2	20.0223	0.997818	1.99377	2
Gm44175	chr6	67672241	74005096	-0.254744	2	20.0223	0.997818	1.99377	2
Cd8a	chr6	67672241	74005096	-0.254744	2	20.0223	0.997818	1.99377	2
Rmnd5a	chr6	67672241	74005096	-0.254744	2	20.0223	0.997818	1.99377	2
Gm44130	chr6	67672241	74005096	-0.254744	2	20.0223	0.997818	1.99377	2
Gm44172	chr6	67672241	74005096	-0.254744	2	20.0223	0.997818	1.99377	2
Gm44186	chr6	67672241	74005096	-0.254744	2	20.0223	0.997818	1.99377	2
Rnf103	chr6	67672241	74005096	-0.254744	2	20.0223	0.997818	1.99377	2
Gm44194	chr6	67672241	74005096	-0.254744	2	20.0223	0.997818	1.99377	2
1700040L08Rik	chr6	67672241	74005096	-0.254744	2	20.0223	0.997818	1.99377	2
Chmp3	chr6	67672241	74005096	-0.254744	2	20.0223	0.997818	1.99377	2
Kdm3a	chr6	67672241	74005096	-0.254744	2	20.0223	0.997818	1.99377	2
Ctnna2	chr6	73901411	79912224	-0.38539	1	19.0412	4.05924e-07	7.87107	8
Gm44438	chr6	73901411	74023951	-0.351952	1	21.2848	4.05924e-07	2.97933	3
Gm44286	chr6	73901411	74023951	-0.351952	1	21.2848	4.05924e-07	2.97933	3
Gm44288	chr6	74060177	74230442	-0.300952	1	19.466	0.000210885	1.98821	2
Gm44437	chr6	74090253	79912224	-0.394887	2	18.2475	0.85536	1.93946	2
Exoc6b	chr6	81058040	82143534	-0.355606	2	18.4025	0.636591	1.93861	2
Gm7507	chr6	81058040	82143534	-0.355606	2	18.4025	0.636591	1.93861	2
Gm44012	chr6	81058040	82143534	-0.355606	2	18.4025	0.636591	1.93861	2
Alms1-ps2	chr6	82143048	82777334	-0.530429	1	15.7153	0.727106	1.8903	2
Alms1-ps1	chr6	82143048	82777334	-0.530429	1	15.7153	0.727106	1.8903	2
Snrpg	chr6	82776324	91178180	-0.300608	1	21.0853	0.937549	1.94478	2
Tafa4	chr6	93332066	105282672	0.259814	2	33.0578	0.957489	1.96642	2
C1ra	chr6	120828041	125008074	-0.872777	1	11.2456	0.810309	1.77507	2
Ptpro	chr6	133981022	138673165	0.358114	3	34.3868	0.918228	1.94029	2
Gm44459	chr7	0	905543	0.20614	2	22.5789	0.587308	1.98381	2
Speer9-ps1	chr7	0	905543	0.20614	2	22.5789	0.587308	1.98381	2
AU018091	chr7	0	905543	0.20614	2	22.5789	0.587308	1.98381	2
Lair1	chr7	892987	2149756	0.239215	3	23.123	0.913775	1.97845	2
Nlrp2	chr7	2193549	2691942	-0.228828	1	17.975	0.78069	1.90505	2
Zfp78	chr7	3378472	8587724	-0.512051	1	12.5278	0.915083	1.89581	2
Psg29	chr7	14480468	14803788	0.403395	3	22.548	0.315748	1.93213	2
Ercc1	chr7	16787336	17239160	-0.217317	2	16.5302	0.918017	1.98515	2
Tomm40	chr7	17180144	18992303	-0.326304	2	14.419	0.298278	1.94982	2
Gm20512	chr7	17180144	18992303	-0.326304	2	14.419	0.298278	1.94982	2
Nectin2	chr7	17180144	18992303	-0.326304	2	14.419	0.298278	1.94982	2
Bcam	chr7	17180144	18992303	-0.326304	2	14.419	0.298278	1.94982	2
Zfp607a	chr7	25830756	31458198	-1.21563	0	8.56045	0.0173055	1.69997	2
AI987944	chr7	39799836	41344927	-0.727018	1	11.1704	0.849011	1.8052	2
Chd2	chr7	72100810	74352624	-0.389121	2	18.3962	0.791774	1.92638	2
C130083A15Rik	chr7	72100810	74352624	-0.389121	2	18.3962	0.791774	1.92638	2
Gm44686	chr7	72100810	74352624	-0.389121	2	18.3962	0.791774	1.92638	2
Chaserr	chr7	72100810	74352624	-0.389121	2	18.3962	0.791774	1.92638	2
Pde8a	chr7	79806367	87779830	-0.537662	1	14.5113	0.915767	1.77968	2
Tmem135	chr7	87749759	88383922	-0.334728	2	18.8997	0.899821	1.93193	2
Gvin-ps6	chr7	104743999	106473130	-0.201127	1	22.1899	0.660874	1.84401	2
Gvin-ps7	chr7	104743999	106473130	-0.201127	1	22.1899	0.660874	1.84401	2
Abca14	chr7	118929629	123354244	0.204151	3	30.9512	0.61403	1.99049	2
Abca15	chr7	118929629	123354244	0.204151	3	30.9512	0.61403	1.99049	2
Tex36	chr7	132314529	139858483	-0.27622	2	23.0079	0.68548	1.96147	2
Gm28747	chr7	132314529	139858483	-0.27622	2	23.0079	0.68548	1.96147	2
Edrf1	chr7	132314529	139858483	-0.27622	2	23.0079	0.68548	1.96147	2
Mmp21	chr7	132314529	139858483	-0.27622	2	23.0079	0.68548	1.96147	2
Uros	chr7	132314529	139858483	-0.27622	2	23.0079	0.68548	1.96147	2
Bccip	chr7	132314529	139858483	-0.27622	2	23.0079	0.68548	1.96147	2
Dhx32	chr7	132314529	139858483	-0.27622	2	23.0079	0.68548	1.96147	2
Dlc1	chr8	33666134	36083416	-0.377972	2	15.0005	0.899821	1.94125	2
AI429214	chr8	33666134	36083416	-0.377972	2	15.0005	0.899821	1.94125	2
Sorbs2	chr8	42138609	71499714	-0.349997	2	15.4307	0.997663	1.92341	2
MGP_FVBNJ_G0039200	chr8	42138609	71499714	-0.349997	2	15.4307	0.997663	1.92341	2
MGP_FVBNJ_G0039201	chr8	42138609	71499714	-0.349997	2	15.4307	0.997663	1.92341	2
Gm16351	chr8	42138609	71499714	-0.349997	2	15.4307	0.997663	1.92341	2
Sorbs2os	chr8	42138609	71499714	-0.349997	2	15.4307	0.997663	1.92341	2
MGP_FVBNJ_G0015557	chr8	42138609	71499714	-0.349997	2	15.4307	0.997663	1.92341	2
Gm25309	chr8	42138609	71499714	-0.349997	2	15.4307	0.997663	1.92341	2
Pdlim3	chr8	42138609	71499714	-0.349997	2	15.4307	0.997663	1.92341	2
Gm26994	chr8	108854527	109096606	0.271551	3	35.7175	0.882351	1.98033	2
Cntnap4	chr8	108854527	109833225	0.334648	3	36.5483	0.882351	4.96226	5
MGP_FVBNJ_G0009784	chr8	108854527	109096606	0.271551	3	35.7175	0.882351	1.98033	2
Gm25766	chr8	109833416	110148495	0.395269	3	38.453	0.0874656	1.9778	2
Gm24291	chr8	109833416	110148495	0.395269	3	38.453	0.0874656	1.9778	2
Wwox	chr8	111701449	125458721	-0.825838	1	12.4923	0.1569	1.90027	2
Gria4	chr9	1134764	3423083	-0.32768	1	20.9277	0.463339	1.87678	2
Dync2h1	chr9	3722482	4582334	-0.463557	2	17.9691	0.749864	1.94285	2
Yap1	chr9	4581716	10333394	-0.458449	1	18.4604	0.16146	1.94443	2
Maml2	chr9	9959692	17251091	-0.28985	2	20.5511	0.517706	1.96366	2
MGP_FVBNJ_G0009098	chr9	9959692	17251091	-0.28985	2	20.5511	0.517706	1.96366	2
Mtmr2	chr9	9959692	17251091	-0.28985	2	20.5511	0.517706	1.96366	2
Cep57	chr9	9959692	17251091	-0.28985	2	20.5511	0.517706	1.96366	2
Fam76b	chr9	9959692	17251091	-0.28985	2	20.5511	0.517706	1.96366	2
Irak1bp1	chr9	79315333	85154349	0.206175	2	27.1456	0.4999	1.90711	2
Phip	chr9	79315333	85154349	0.206175	2	27.1456	0.4999	1.90711	2
Gm29385	chr9	97547792	105720999	0.201885	2	27.0643	0.49069	1.98734	2
Gm5161	chr9	97547792	105720999	0.201885	2	27.0643	0.49069	1.98734	2
Fbxw14	chr9	105669143	105877109	0.215688	3	27.3362	0.716902	1.98322	2
Gm42493	chr9	105669143	105877109	0.215688	3	27.3362	0.716902	1.98322	2
Fbxw19	chr9	105669143	105877109	0.215688	3	27.3362	0.716902	1.98322	2
Rbms3	chr9	113142174	115853047	-0.816027	0	12.4433	8.58169e-16	4.87141	5
Gm18489	chr9	113418170	115853047	-0.234976	1	20.2315	0.0270105	1.98784	2
Gm20397	chr9	113418170	115853047	-0.234976	1	20.2315	0.0270105	1.98784	2
Gm17396	chr9	113418170	115853047	-0.234976	1	20.2315	0.0270105	1.98784	2
Gm20396	chr9	113418170	115853047	-0.234976	1	20.2315	0.0270105	1.98784	2
Ulbp1	chr10	4307724	5344642	-1.01967	0	9.29269	0.654782	1.71167	2
Ust	chr10	5344332	13941484	-0.643127	1	15.1495	0.457373	1.88527	2
Ahi1	chr10	17593762	18984203	0.214509	2	31.661	0.974143	1.91682	2
Myb	chr10	17593762	18984203	0.214509	2	31.661	0.974143	1.91682	2
Gm26577	chr10	17593762	18984203	0.214509	2	31.661	0.974143	1.91682	2
E130307A14Rik	chr10	36242713	40768303	-0.33582	2	18.1429	0.928564	1.92681	2
Rev3l	chr10	36242713	40768303	-0.33582	2	18.1429	0.928564	1.92681	2
Gm22105	chr10	36242713	40768303	-0.33582	2	18.1429	0.928564	1.92681	2
Gm16210	chr10	36242713	40768303	-0.33582	2	18.1429	0.928564	1.92681	2
Micu1	chr10	55843669	55908205	-0.443928	2	16.7731	0.863469	1.9023	2
Ctnna3	chr10	59928802	63324120	0.236243	3	28.9575	0.939275	1.88421	2
Reep3	chr10	63145469	67332539	-0.401048	2	17.3547	0.646125	1.91678	2
Jmjd1c	chr10	63145469	67332539	-0.401048	2	17.3547	0.646125	1.91678	2
Gm26359	chr10	63145469	67332539	-0.401048	2	17.3547	0.646125	1.91678	2
Ube2d1	chr10	67332269	69471794	-0.746642	1	8.93125	0.825439	1.81209	2
Vmn2r83	chr10	75604983	78062333	0.225665	2	24.1667	0.85536	1.90194	2
Tph2	chr10	111405331	111890113	-0.582658	1	12.0547	0.933359	1.90436	2
Ewsr1	chr11	1966084	18317490	-0.484221	1	20.2059	0.708796	2.85395	3
Rhbdd3	chr11	1967851	18317490	-0.437654	2	20.3738	0.990712	1.9094	2
Emid1	chr11	1967851	18317490	-0.437654	2	20.3738	0.990712	1.9094	2
Kremen1	chr11	1967851	18317490	-0.437654	2	20.3738	0.990712	1.9094	2
Gm25142	chr11	1967851	18317490	-0.437654	2	20.3738	0.990712	1.9094	2
Znrf3	chr11	1967851	18317490	-0.437654	2	20.3738	0.990712	1.9094	2
Wdpcp	chr11	18317241	25922359	-0.476496	1	19.3058	0.559645	1.90815	2
Gm12100	chr11	27381335	45559238	-0.353104	2	22.4813	0.872608	1.94425	2
Gm12101	chr11	27381335	45559238	-0.353104	2	22.4813	0.872608	1.94425	2
Psme4	chr11	27381335	45559238	-0.353104	2	22.4813	0.872608	1.94425	2
Gm12103	chr11	27381335	45559238	-0.353104	2	22.4813	0.872608	1.94425	2
Gm12187	chr11	45558544	45995329	-0.764426	1	15.072	0.679367	1.80253	2
Gm12185	chr11	45558544	45995329	-0.764426	1	15.072	0.679367	1.80253	2
Hs3st3b1	chr11	60862373	61314025	-0.727362	1	9.58949	0.871146	1.83559	2
Olfr75-ps1	chr11	70562173	70727754	0.251145	3	31.6303	0.987099	1.97517	2
Gm44923	chr11	70562173	70727754	0.251145	3	31.6303	0.987099	1.97517	2
Gm12327	chr11	70709482	89999302	0.345286	3	32.5536	0.686271	1.94631	2
Rara	chr11	96392725	97485626	-0.204401	1	22.1876	0.673793	1.93141	2
Taco1	chr11	103665481	108473582	-1.10143	1	9.79151	0.958683	1.7309	2
Wdr35	chr12	5843510	10999339	-0.338919	1	16.3151	6.94335e-05	1.98727	2
Ttc32	chr12	5843510	10999339	-0.338919	1	16.3151	6.94335e-05	1.98727	2
Lratd1	chr12	10804631	11000110	-0.411206	2	14.0474	0.831164	1.91782	2
Greb1	chr12	13429129	21313236	-0.659135	1	11.4751	0.997663	1.7833	2
Taf1b	chr12	21312585	27123869	-0.857821	1	8.4029	0.896799	1.66524	2
Sntg2	chr12	27123443	31173316	-0.483765	1	12.9939	0.98161	1.82342	2
4921508M14Rik	chr12	31329245	43437079	-0.296451	2	16.2153	0.524207	1.96937	2
Gm24429	chr12	31329245	43437079	-0.296451	2	16.2153	0.524207	1.96937	2
Arhgap5	chr12	48739495	51016894	-0.3457	2	15.6493	0.76146	1.93804	2
1700031P21Rik	chr12	48739495	51016894	-0.3457	2	15.6493	0.76146	1.93804	2
MGP_FVBNJ_G0037133	chr12	48739495	51016894	-0.3457	2	15.6493	0.76146	1.93804	2
MGP_FVBNJ_G0037134	chr12	48739495	51016894	-0.3457	2	15.6493	0.76146	1.93804	2
Akap6	chr12	48739495	51016894	-0.3457	2	15.6493	0.76146	1.93804	2
Rpl31-ps17	chr12	51016346	58098760	-0.709929	1	10.1632	0.718791	1.83358	2
Psma3	chr12	66899068	67894029	-0.385745	1	15.938	0.913775	2.85624	3
3110056K07Rik	chr12	66920105	67894029	-0.447824	2	15.4401	0.904328	1.87186	2
Arid4a	chr12	66920105	67894029	-0.447824	2	15.4401	0.904328	1.87186	2
Daam1	chr12	67893723	71145705	-0.261423	1	17.5365	0.964168	1.8781	2
Ppp2r5e	chr12	71334692	76824004	-0.617758	2	13.2729	0.847206	1.89015	2
Serpina3h	chr12	100293874	101926116	-0.468804	1	16.0947	0.913775	1.90033	2
Serpina3i	chr12	100293874	101926116	-0.468804	1	16.0947	0.913775	1.90033	2
Serpina3g	chr12	100293874	101926116	-0.468804	1	16.0947	0.913775	1.90033	2
Ak7	chr12	101925384	109687948	-0.480396	1	18.388	0.964087	1.91874	2
Ptprn2	chr12	113619051	116242483	-0.256926	1	19.8709	0.506403	1.92827	2
H3c6	chr13	19770754	19789216	-0.443341	1	18.2489	0.847206	2.88119	3
H3c7	chr13	19770754	19789216	-0.443341	1	18.2489	0.847206	2.88119	3
H4c6	chr13	19775048	19816962	-0.446332	1	18.7177	0.664066	1.92431	2
H1f3	chr13	19775048	19816962	-0.446332	1	18.7177	0.664066	1.92431	2
H4c4	chr13	19813074	19818864	-0.411783	1	18.6456	0.915767	1.92307	2
H2bc6	chr13	19813074	23766158	-0.37187	1	18.6221	0.915767	2.91657	3
Prl8a8	chr13	23678990	23818061	-0.244535	1	19.2967	0.0900277	1.98764	2
Prl8a9	chr13	23770944	24116510	-0.217676	2	19.6456	0.653478	1.98933	2
Prl8a1	chr13	23770944	24116510	-0.217676	2	19.6456	0.653478	1.98933	2
Mir6368	chr13	24827502	26178381	-0.244933	1	15.91	0.287734	1.98364	2
Gm17528	chr13	24827502	26178381	-0.244933	1	15.91	0.287734	1.98364	2
Uqcrfs1	chr13	26812370	28100340	-0.529148	2	11.2103	0.857287	1.90444	2
Gmds	chr13	28099886	28957362	-0.606374	1	10.4499	0.298795	2.84915	3
Gm11380	chr13	28100350	28957362	-0.460075	2	11.2457	0.149595	1.93869	2
Gm11387	chr13	29787513	46391588	0.291227	3	21.7616	0.699198	1.96936	2
Gm11386	chr13	29787513	46391588	0.291227	3	21.7616	0.699198	1.96936	2
Eif4e1b	chr13	51257638	56373288	-0.525053	1	13.4126	0.182591	1.91889	2
Aopep	chr13	59713861	62436437	-0.549159	2	12.7335	0.929321	1.68498	2
MGP_FVBNJ_G0005420	chr13	59713861	62436437	-0.549159	2	12.7335	0.929321	1.68498	2
Mir23b	chr13	59713861	62436437	-0.549159	2	12.7335	0.929321	1.68498	2
Mir27b	chr13	59713861	62436437	-0.549159	2	12.7335	0.929321	1.68498	2
Mir3074-1	chr13	59713861	62436437	-0.549159	2	12.7335	0.929321	1.68498	2
Mir24-1	chr13	59713861	62436437	-0.549159	2	12.7335	0.929321	1.68498	2
Fancc	chr13	59713861	62436437	-0.549159	2	12.7335	0.929321	1.68498	2
Gm16133	chr13	59713861	62436437	-0.549159	2	12.7335	0.929321	1.68498	2
Gm16132	chr13	59713861	62436437	-0.549159	2	12.7335	0.929321	1.68498	2
Zfp85os	chr13	64097733	71181279	-0.398962	2	14.6097	0.915767	3.86376	4
9430065F17Rik	chr13	64097733	64266314	-0.22518	2	16.8655	0.915767	2.96526	3
Zfp729a	chr13	64258458	71181279	-0.63724	1	11.2786	0.848366	1.87724	2
Zfp729b	chr13	64258458	71181279	-0.63724	1	11.2786	0.848366	1.87724	2
Zfp738	chr13	64258458	71181279	-0.63724	1	11.2786	0.848366	1.87724	2
2210408I21Rik	chr13	74106566	77892555	1.06659	6	49.4433	0.34807	1.64146	2
Adgrv1	chr13	77891957	80123924	0.237881	3	23.2464	0.787579	1.91471	2
Fcho2	chr13	95198651	96876522	-0.475471	2	13.0281	0.80068	2.8493	3
Pde4d	chr13	105288797	110299885	-0.366908	2	15.1107	0.798519	1.94282	2
Arl15	chr13	110299274	112469353	-0.274634	1	16.6887	0.565771	2.82327	3
Vcl	chr14	13165508	13551320	-0.401461	1	15.403	0.808266	1.93799	2
Btd	chr14	23897570	24456058	-0.2181	2	17.7878	0.837143	1.98284	2
Ankrd28	chr14	23897570	24456058	-0.2181	2	17.7878	0.837143	1.98284	2
Gm22876	chr14	23897570	24456058	-0.2181	2	17.7878	0.837143	1.98284	2
Timm23	chr14	24438886	31072714	-0.254406	2	14.7379	0.716902	1.97531	2
Gm23946	chr14	24438886	31072714	-0.254406	2	14.7379	0.716902	1.97531	2
Nrg3	chr14	31058493	36167344	-0.327426	1	12.4135	0.888017	3.92607	4
Nrg3os	chr14	31075720	36167344	-0.349583	1	12.4542	0.261049	2.94043	3
Osgep	chr14	43032649	43272103	-0.267553	1	18.7594	0.0231706	1.98512	2
MGP_FVBNJ_G0037222	chr14	43032649	43272103	-0.267553	1	18.7594	0.0231706	1.98512	2
Apex1	chr14	43032649	43272103	-0.267553	1	18.7594	0.0231706	1.98512	2
Pip4p1	chr14	43032649	43272103	-0.267553	1	18.7594	0.0231706	1.98512	2
Gm49342	chr14	43032649	43272103	-0.267553	1	18.7594	0.0231706	1.98512	2
Gm38316	chr14	43032649	43272103	-0.267553	1	18.7594	0.0231706	1.98512	2
Rnase10	chr14	43032649	43272103	-0.267553	1	18.7594	0.0231706	1.98512	2
Rnase9	chr14	43032649	43272103	-0.267553	1	18.7594	0.0231706	1.98512	2
Rnase11	chr14	43032649	43272103	-0.267553	1	18.7594	0.0231706	1.98512	2
Rnase12	chr14	43032649	43272103	-0.267553	1	18.7594	0.0231706	1.98512	2
Olfr750	chr14	43032649	43272103	-0.267553	1	18.7594	0.0231706	1.98512	2
Rnase4	chr14	43032649	46661133	-0.210103	1	18.5356	0.0231706	2.98315	3
Gm30275	chr14	46264042	47097705	-0.372341	2	15.7605	0.899821	1.90521	2
Trdv4	chr14	46264042	47097705	-0.372341	2	15.7605	0.899821	1.90521	2
Trdd1	chr14	46264042	47097705	-0.372341	2	15.7605	0.899821	1.90521	2
MGP_FVBNJ_G0009428	chr14	46264042	47097705	-0.372341	2	15.7605	0.899821	1.90521	2
Trdd2	chr14	46264042	47097705	-0.372341	2	15.7605	0.899821	1.90521	2
Trdj1	chr14	46264042	47097705	-0.372341	2	15.7605	0.899821	1.90521	2
Gm43434	chr14	46264042	47097705	-0.372341	2	15.7605	0.899821	1.90521	2
Trdj2	chr14	46264042	47097705	-0.372341	2	15.7605	0.899821	1.90521	2
Trdc	chr14	46264042	47097705	-0.372341	2	15.7605	0.899821	1.90521	2
Trdv5	chr14	46264042	47097705	-0.372341	2	15.7605	0.899821	1.90521	2
Traj61	chr14	46264042	47097705	-0.372341	2	15.7605	0.899821	1.90521	2
Traj60	chr14	46264042	47097705	-0.372341	2	15.7605	0.899821	1.90521	2
Traj59	chr14	46264042	47097705	-0.372341	2	15.7605	0.899821	1.90521	2
Traj58	chr14	46264042	47097705	-0.372341	2	15.7605	0.899821	1.90521	2
Traj57	chr14	46264042	47097705	-0.372341	2	15.7605	0.899821	1.90521	2
Traj56	chr14	46264042	47097705	-0.372341	2	15.7605	0.899821	1.90521	2
Traj55	chr14	46264042	47097705	-0.372341	2	15.7605	0.899821	1.90521	2
Traj54	chr14	46264042	47097705	-0.372341	2	15.7605	0.899821	1.90521	2
Traj53	chr14	46264042	47097705	-0.372341	2	15.7605	0.899821	1.90521	2
Traj52	chr14	46264042	47097705	-0.372341	2	15.7605	0.899821	1.90521	2
Traj51	chr14	46264042	47097705	-0.372341	2	15.7605	0.899821	1.90521	2
Traj50	chr14	46264042	47097705	-0.372341	2	15.7605	0.899821	1.90521	2
Traj49	chr14	46264042	47097705	-0.372341	2	15.7605	0.899821	1.90521	2
Traj48	chr14	46264042	47097705	-0.372341	2	15.7605	0.899821	1.90521	2
Traj47	chr14	46264042	47097705	-0.372341	2	15.7605	0.899821	1.90521	2
Traj46	chr14	46264042	47097705	-0.372341	2	15.7605	0.899821	1.90521	2
Traj45	chr14	46264042	47097705	-0.372341	2	15.7605	0.899821	1.90521	2
Traj44	chr14	46264042	47097705	-0.372341	2	15.7605	0.899821	1.90521	2
Traj43	chr14	46264042	47097705	-0.372341	2	15.7605	0.899821	1.90521	2
Traj42	chr14	46264042	47097705	-0.372341	2	15.7605	0.899821	1.90521	2
Traj41	chr14	46264042	47097705	-0.372341	2	15.7605	0.899821	1.90521	2
Traj40	chr14	46264042	47097705	-0.372341	2	15.7605	0.899821	1.90521	2
Traj39	chr14	46264042	47097705	-0.372341	2	15.7605	0.899821	1.90521	2
Traj38	chr14	46264042	47097705	-0.372341	2	15.7605	0.899821	1.90521	2
Traj37	chr14	46264042	47097705	-0.372341	2	15.7605	0.899821	1.90521	2
Traj36	chr14	46264042	47097705	-0.372341	2	15.7605	0.899821	1.90521	2
Traj35	chr14	46264042	47097705	-0.372341	2	15.7605	0.899821	1.90521	2
Traj34	chr14	46264042	47097705	-0.372341	2	15.7605	0.899821	1.90521	2
Traj33	chr14	46264042	47097705	-0.372341	2	15.7605	0.899821	1.90521	2
Traj32	chr14	46264042	47097705	-0.372341	2	15.7605	0.899821	1.90521	2
Traj31	chr14	46264042	47097705	-0.372341	2	15.7605	0.899821	1.90521	2
Traj30	chr14	46264042	47097705	-0.372341	2	15.7605	0.899821	1.90521	2
Traj29	chr14	46264042	47097705	-0.372341	2	15.7605	0.899821	1.90521	2
Traj28	chr14	46264042	47097705	-0.372341	2	15.7605	0.899821	1.90521	2
Traj27	chr14	46264042	47097705	-0.372341	2	15.7605	0.899821	1.90521	2
Traj26	chr14	46264042	47097705	-0.372341	2	15.7605	0.899821	1.90521	2
Traj25	chr14	46264042	47097705	-0.372341	2	15.7605	0.899821	1.90521	2
Traj24	chr14	46264042	47097705	-0.372341	2	15.7605	0.899821	1.90521	2
Traj23	chr14	46264042	47097705	-0.372341	2	15.7605	0.899821	1.90521	2
Traj22	chr14	46264042	47097705	-0.372341	2	15.7605	0.899821	1.90521	2
Traj21	chr14	46264042	47097705	-0.372341	2	15.7605	0.899821	1.90521	2
Traj20	chr14	46264042	47097705	-0.372341	2	15.7605	0.899821	1.90521	2
Traj19	chr14	46264042	47097705	-0.372341	2	15.7605	0.899821	1.90521	2
Traj18	chr14	46264042	47097705	-0.372341	2	15.7605	0.899821	1.90521	2
Traj17	chr14	46264042	47097705	-0.372341	2	15.7605	0.899821	1.90521	2
Traj16	chr14	46264042	47097705	-0.372341	2	15.7605	0.899821	1.90521	2
Traj15	chr14	46264042	47097705	-0.372341	2	15.7605	0.899821	1.90521	2
Traj14	chr14	46264042	47097705	-0.372341	2	15.7605	0.899821	1.90521	2
Traj13	chr14	46264042	47097705	-0.372341	2	15.7605	0.899821	1.90521	2
Traj12	chr14	46264042	47097705	-0.372341	2	15.7605	0.899821	1.90521	2
Traj11	chr14	46264042	47097705	-0.372341	2	15.7605	0.899821	1.90521	2
Traj9	chr14	46264042	47097705	-0.372341	2	15.7605	0.899821	1.90521	2
Traj8	chr14	46264042	47097705	-0.372341	2	15.7605	0.899821	1.90521	2
Traj7	chr14	46264042	47097705	-0.372341	2	15.7605	0.899821	1.90521	2
Traj6	chr14	46264042	47097705	-0.372341	2	15.7605	0.899821	1.90521	2
Traj5	chr14	46264042	47097705	-0.372341	2	15.7605	0.899821	1.90521	2
Traj4	chr14	46264042	47097705	-0.372341	2	15.7605	0.899821	1.90521	2
Traj3	chr14	46264042	47097705	-0.372341	2	15.7605	0.899821	1.90521	2
Traj2	chr14	46264042	47097705	-0.372341	2	15.7605	0.899821	1.90521	2
Traj1	chr14	46264042	47097705	-0.372341	2	15.7605	0.899821	1.90521	2
Trac	chr14	46264042	47097705	-0.372341	2	15.7605	0.899821	1.90521	2
Dad1	chr14	46264042	47097705	-0.372341	2	15.7605	0.899821	1.90521	2
Abhd4	chr14	46264042	47097705	-0.372341	2	15.7605	0.899821	1.90521	2
Olfr49	chr14	46264042	47097705	-0.372341	2	15.7605	0.899821	1.90521	2
Gm43304	chr14	46264042	47097705	-0.372341	2	15.7605	0.899821	1.90521	2
Gm3945	chr14	46264042	47097705	-0.372341	2	15.7605	0.899821	1.90521	2
5330426L24Rik	chr14	46264042	47097705	-0.372341	2	15.7605	0.899821	1.90521	2
Oxa1l	chr14	46264042	47097705	-0.372341	2	15.7605	0.899821	1.90521	2
Slc7a7	chr14	46264042	47097705	-0.372341	2	15.7605	0.899821	1.90521	2
Mrpl52	chr14	46264042	47097705	-0.372341	2	15.7605	0.899821	1.90521	2
Mmp14	chr14	46264042	47097705	-0.372341	2	15.7605	0.899821	1.90521	2
Micu2	chr14	50205421	60876005	-0.636584	1	13.4921	0.911353	1.87393	2
Enox1	chr14	69263090	73059607	-1.01703	1	7.89295	0.349801	2.48813	3
Pcdh17	chr14	76456646	76692014	-0.240356	2	12.4605	0.742581	1.97264	2
Klhl1	chr14	87853049	88352117	-0.276505	2	12.2575	0.735896	2.94786	3
Tbc1d4	chr14	93237995	94037915	-0.393897	2	11.4479	0.803472	1.89367	2
Commd6	chr14	93237995	94037915	-0.393897	2	11.4479	0.803472	1.89367	2
Uchl3	chr14	93237995	94037915	-0.393897	2	11.4479	0.803472	1.89367	2
Gm9922	chr14	93237995	94037915	-0.393897	2	11.4479	0.803472	1.89367	2
Lmo7	chr14	93237995	94037915	-0.393897	2	11.4479	0.803472	1.89367	2
Gpc6	chr14	108243930	115534528	-0.221582	2	13.1156	0.697185	5.94814	6
Adamts12	chr15	7967200	14687805	-0.597706	1	20.1137	0.402073	1.78608	2
4921515E04Rik	chr15	14687236	18667078	-0.527688	1	22.7212	0.896799	1.79088	2
Trio	chr15	24341828	25990827	-0.501837	1	20.0797	0.248369	1.94062	2
Gm26416	chr15	27560744	27662122	-0.514757	1	36.3086	0.155423	1.97414	2
Dap	chr15	27577703	28038582	-0.446559	1	39.4148	1.96087e-07	1.98005	2
Fam136b-ps	chr15	27577703	28038582	-0.446559	1	39.4148	1.96087e-07	1.98005	2
Ankrd33b	chr15	27577703	28038582	-0.446559	1	39.4148	1.96087e-07	1.98005	2
Tas2r119	chr15	28320633	28922142	0.227768	2	56.7006	0.279238	1.99108	2
4930518I17Rik	chr15	28320633	28922142	0.227768	2	56.7006	0.279238	1.99108	2
Snhg18	chr15	28320633	28922142	0.227768	2	56.7006	0.279238	1.99108	2
Snord123	chr15	28320633	28922142	0.227768	2	56.7006	0.279238	1.99108	2
Sdc2	chr15	29209587	34558602	0.231613	3	45.9703	0.648512	1.98254	2
Sybu	chr15	40743067	41048447	-0.585748	1	34.5741	0.268996	1.92732	2
Col14a1	chr15	51244168	51885247	0.206923	2	57.7	0.821856	1.98886	2
1700040F17Rik	chr15	51244168	51885247	0.206923	2	57.7	0.821856	1.98886	2
Mrpl13	chr15	51244168	51885247	0.206923	2	57.7	0.821856	1.98886	2
Mtbp	chr15	51244168	51885247	0.206923	2	57.7	0.821856	1.98886	2
Sntb1	chr15	51785144	52625477	0.238224	3	57.3278	0.621248	1.98584	2
Dhh	chr15	95098968	95168740	-0.231337	2	16.2815	0.925796	1.97555	2
Lmbr1l	chr15	95098968	95168740	-0.231337	2	16.2815	0.925796	1.97555	2
Zdhhc8	chr16	14645416	16908884	-0.414664	2	18.5991	0.896195	1.91311	2
Ranbp1	chr16	14645416	16908884	-0.414664	2	18.5991	0.896195	1.91311	2
Gm25777	chr16	14645416	16908884	-0.414664	2	18.5991	0.896195	1.91311	2
Trmt2a	chr16	14645416	16908884	-0.414664	2	18.5991	0.896195	1.91311	2
Dgcr8	chr16	14645416	16908884	-0.414664	2	18.5991	0.896195	1.91311	2
Eaf2	chr16	33405124	40291019	-0.250997	1	16.7722	0.715315	1.97434	2
Cadm2	chr16	63456985	64329898	0.680953	4	15.4012	0.847206	1.80294	2
Scaf8	chr17	26327	3529909	-0.476772	2	15.109	0.943017	1.82742	2
Tmem181a	chr17	3610906	5159280	0.647411	4	30.5817	0.553286	1.86723	2
Sod2	chr17	10156570	10908048	-0.386319	1	22.8353	0.918228	2.89588	3
Vmn2r-ps127	chr17	17675995	18494909	0.404427	3	26.3807	0.896799	1.93594	2
Zfp758	chr17	19475094	20665397	-0.732992	1	12.1284	0.479812	1.8204	2
Zfp943	chr17	19475094	20665397	-0.732992	1	12.1284	0.479812	1.8204	2
MGP_FVBNJ_G0005650	chr17	23622171	32201771	-0.557061	1	15.6277	0.78052	1.83832	2
Rab40c	chr17	23622171	32201771	-0.557061	1	15.6277	0.78052	1.83832	2
Gm20530	chr17	32201149	34289487	-0.579832	1	15.5555	0.8665	2.79827	3
H2-DMb1	chr17	32201149	34059983	-0.613041	1	14.9226	0.8665	1.82588	2
H2-DMb2	chr17	32201149	34059983	-0.613041	1	14.9226	0.8665	1.82588	2
2410017I17Rik	chr17	34287414	51305425	-0.345828	1	19.106	0.271069	1.9678	2
Gm8815	chr17	34287414	51305425	-0.345828	1	19.106	0.271069	1.9678	2
Gm17782	chr17	34287414	51305425	-0.345828	1	19.106	0.271069	1.9678	2
Kcnh8	chr17	51212167	54661332	-0.359766	2	19.6113	0.598305	1.9378	2
Uhrf1	chr17	54659848	65604594	-0.213337	1	21.7394	0.825439	1.94035	2
Kif5b	chr18	2964015	3185806	-0.697623	1	15.2999	0.645297	1.89803	2
Ccdc178	chr18	18572887	24561482	-0.253075	1	19.8573	0.962066	1.96967	2
MGP_FVBNJ_G0024097	chr18	34222042	34874653	-0.216624	1	17.8145	0.847206	1.97823	2
Gm38666	chr18	34222042	34874653	-0.216624	1	17.8145	0.847206	1.97823	2
Gm37388	chr18	34222042	34874653	-0.216624	1	17.8145	0.847206	1.97823	2
Pcdhga1	chr18	34222042	34874653	-0.216624	1	17.8145	0.847206	1.97823	2
Pcdhga2	chr18	34222042	34874653	-0.216624	1	17.8145	0.847206	1.97823	2
Pcdhga3	chr18	34222042	34874653	-0.216624	1	17.8145	0.847206	1.97823	2
Pcdhgb1	chr18	34222042	34874653	-0.216624	1	17.8145	0.847206	1.97823	2
Pcdhga4	chr18	34222042	34874653	-0.216624	1	17.8145	0.847206	1.97823	2
Pcdhgb2	chr18	34222042	34874653	-0.216624	1	17.8145	0.847206	1.97823	2
Pcdhga5	chr18	34222042	34874653	-0.216624	1	17.8145	0.847206	1.97823	2
Pcdhga6	chr18	34222042	34874653	-0.216624	1	17.8145	0.847206	1.97823	2
Pcdhga7	chr18	34222042	34874653	-0.216624	1	17.8145	0.847206	1.97823	2
Pcdhgb4	chr18	34222042	34874653	-0.216624	1	17.8145	0.847206	1.97823	2
Pcdhga8	chr18	34222042	34874653	-0.216624	1	17.8145	0.847206	1.97823	2
Pcdhgb5	chr18	34222042	34874653	-0.216624	1	17.8145	0.847206	1.97823	2
Pcdhga9	chr18	34222042	34874653	-0.216624	1	17.8145	0.847206	1.97823	2
Pcdhgb6	chr18	34222042	34874653	-0.216624	1	17.8145	0.847206	1.97823	2
Gm26672	chr18	34222042	34874653	-0.216624	1	17.8145	0.847206	1.97823	2
Pcdhga10	chr18	34222042	34874653	-0.216624	1	17.8145	0.847206	1.97823	2
1700086O06Rik	chr18	34738505	36714196	-0.252027	2	16.6342	0.990162	1.96618	2
Dele1	chr18	34738505	36714196	-0.252027	2	16.6342	0.990162	1.96618	2
Pcdh12	chr18	34738505	36714196	-0.252027	2	16.6342	0.990162	1.96618	2
Rnf14	chr18	34738505	36714196	-0.252027	2	16.6342	0.990162	1.96618	2
Gm23205	chr18	34738505	36714196	-0.252027	2	16.6342	0.990162	1.96618	2
Gnpda1	chr18	34738505	36714196	-0.252027	2	16.6342	0.990162	1.96618	2
MGP_FVBNJ_G0036401	chr18	34738505	36714196	-0.252027	2	16.6342	0.990162	1.96618	2
Yipf5	chr18	36699584	39026952	-0.266525	1	16.0987	0.899821	1.96687	2
Csnk1g3	chr18	50118589	65071099	-0.417334	2	17.1893	0.706874	1.91012	2
Mex3c	chr18	69874247	77030129	-0.466932	2	14.4711	0.915767	1.87812	2
Gm26438	chr18	69874247	77030129	-0.466932	2	14.4711	0.915767	1.87812	2
Atp9b	chr18	77029876	82506403	-0.681901	1	9.67508	0.801175	1.80386	2
Pacs1	chr19	2000638	2412853	-0.565644	1	13.6066	0.964413	1.92496	2
Aldh1a1	chr19	17448461	21038314	-0.306571	2	15.9507	0.791674	1.95495	2
Tjp2	chr19	21036835	24295759	-0.349641	1	15.2828	0.847206	1.95262	2
Rnls	chr19	29996562	32638003	0.374379	3	32.0333	0.90206	1.94606	2
Gm25611	chr19	32531413	36106244	0.267514	3	24.3531	0.577483	1.9739	2
Cyp2c66	chr19	36066548	36140956	0.350488	3	26.3952	0.85536	1.9502	2
Sufu	chr19	43426263	47533400	-0.816712	1	10.6202	0.910968	1.83986	2
Sorcs1	chr19	47532787	48469669	-0.649424	0	14.4713	0.116859	1.88994	2
Cask	chrX	8224371	12531500	-0.200422	2	24.3883	0.645262	3.9691	4
Wdr44	chrX	18392739	32118724	0.293455	2	27.9928	0.966945	1.87667	2
Stk26	chrX	45376512	47941245	-0.323531	2	16.167	0.305152	1.95477	2
Frmd7	chrX	45376512	47941245	-0.323531	2	16.167	0.305152	1.95477	2
Mospd1	chrX	47940292	50733387	-0.740694	1	9.94712	0.85097	1.82388	2
Fgf13	chrX	54188533	57611546	-0.545714	1	11.867	0.795888	1.87358	2
Aff2	chrX	64247924	65304606	0.365581	1	21.1652	0.950611	2.71966	3
Gabra3	chrX	67337053	67400466	0.664182	3	21.6328	0.702161	1.85411	2
Dmd	chrX	78418795	80705750	-0.696009	1	8.84666	0.363728	8.33887	9
Gm14770	chrX	79837691	80705750	-0.312919	2	12.2138	0.96263	1.97187	2
Gk	chrX	80682736	82353007	-0.505914	1	11.5681	0.229688	1.92411	2
Gm14767	chrX	80682736	82353007	-0.505914	1	11.5681	0.229688	1.92411	2
Il1rapl1	chrX	82352609	85536859	-0.685998	1	10.4791	0.645297	2.79169	3
Pola1	chrX	88502991	89017279	-0.397045	2	14.7665	0.8665	1.94091	2
Gm14780	chrX	88502991	89017279	-0.397045	2	14.7665	0.8665	1.94091	2
Atrx	chrX	100989477	102295130	-0.408811	2	11.7911	0.588077	1.93189	2
Gm23656	chrX	100989477	102295130	-0.408811	2	11.7911	0.588077	1.93189	2
Gm14936	chrX	108162625	108248940	-0.542138	1	10.5713	0.743202	1.93802	2
Chm	chrX	108248153	108624317	-0.396466	1	11.7561	0.0841014	3.89913	4
Dach2	chrX	108623333	109105488	-0.780214	1	7.3571	0.858217	1.81982	2
Pcdh11x	chrX	115614102	116426548	-0.566689	1	9.90371	0.978412	2.80285	3
Diaph2	chrX	125015437	125953290	-0.231485	2	13.4317	0.436854	4.92107	5
Gprasp1	chrX	131060792	131106006	-1.0522	0	6.87313	0.774313	1.51905	2
Kir3dl2	chrX	131652774	136622075	-0.465367	1	11.4664	0.653478	2.84043	3
Col4a6	chrX	136597785	141024694	-0.641224	2	11.092	0.858217	2.86486	3
Gm15079	chrX	136597785	141024694	-0.641224	2	11.092	0.858217	2.86486	3
Gm15104	chrX	145483340	149118210	-0.581176	1	7.45568	0.995605	1.88875	2
